      0.00      0.00    581.63    582.20    582.50    582.75    582.83    583.03    583.14    583.32    583.33    583.36    583.24    583.20    583.06    583.06    583.01    583.12    583.16    583.31    583.34    583.42    583.34    583.35    583.29    583.41    583.44    583.50    583.43    583.44    583.38    583.43
      0.00      0.00    581.62    582.23    582.56    582.81    582.91    583.08    583.15    583.32    583.35    583.43    583.35    583.28    583.10    583.07    583.04    583.18    583.23    583.36    583.36    583.44    583.38    583.39    583.31    583.40    583.41    583.51    583.47    583.51    583.47    583.56
      0.00      0.00    581.59    582.20    582.56    582.87    583.02    583.25    583.37    583.52    583.52    583.59    583.51    583.49    583.35    583.33    583.27    583.35    583.34    583.42    583.42    583.52    583.51    583.56    583.50    583.57    583.55    583.62    583.58    583.62    583.55    583.56
      0.00      0.00    581.68    582.21    582.54    582.87    583.06    583.31    583.40    583.53    583.53    583.60    583.54    583.53    583.38    583.34    583.24    583.31    583.32    583.45    583.47    583.57    583.53    583.58    583.54    583.63    583.60    583.64    583.57    583.60    583.52    583.55
      0.00      0.00    581.53    582.14    582.53    582.87    582.99    583.13    583.16    583.28    583.29    583.37    583.31    583.28    583.12    583.09    583.03    583.13    583.16    583.27    583.29    583.38    583.38    583.47    583.45    583.53    583.49    583.52    583.45    583.49    583.44    583.49
      0.00      0.00    581.62    582.19    582.54    582.84    582.97    583.12    583.16    583.28    583.28    583.35    583.28    583.26    583.11    583.09    583.02    583.10    583.11    583.23    583.26    583.39    583.42    583.50    583.45    583.48    583.40    583.43    583.40    583.51    583.51    583.56
      0.00      0.00    581.65    582.17    582.48    582.79    582.89    583.02    583.06    583.20    583.24    583.34    583.29    583.28    583.15    583.13    583.07    583.15    583.16    583.26    583.27    583.39    583.39    583.44    583.35    583.34    583.28    583.38    583.42    583.52    583.47    583.50
      0.00      0.00    581.73    582.34    582.67    582.93    583.04    583.23    583.30    583.44    583.47    583.59    583.56    583.56    583.40    583.37    583.31    583.42    583.46    583.58    583.56    583.62    583.58    583.61    583.53    583.56    583.50    583.56    583.55    583.65    583.62    583.66
      0.00      0.00    581.68    582.31    582.66    583.00    583.15    583.35    583.43    583.59    583.62    583.73    583.67    583.65    583.49    583.46    583.39    583.49    583.50    583.59    583.58    583.66    583.63    583.66    583.59    583.61    583.54    583.58    583.56    583.66    583.61    583.62
      0.00      0.00    581.63    582.32    582.69    582.96    583.07    583.26    583.36    583.56    583.62    583.71    583.63    583.57    583.39    583.36    583.32    583.44    583.48    583.61    583.62    583.73    583.72    583.75    583.68    583.72    583.65    583.67    583.60    583.63    583.58    583.65
      0.00      0.00    581.49    582.20    582.62    582.96    583.11    583.32    583.43    583.63    583.69    583.79    583.69    583.58    583.32    583.23    583.17    583.33    583.42    583.55    583.54    583.65    583.66    583.76    583.72    583.77    583.71    583.72    583.63    583.64    583.54    583.55
      0.00      0.00    581.67    582.29    582.67    583.03    583.18    583.39    583.48    583.64    583.66    583.73    583.64    583.58    583.37    583.30    583.23    583.34    583.39    583.54    583.57    583.70    583.71    583.76    583.69    583.73    583.68    583.72    583.66    583.67    583.56    583.56
      0.00      0.00    581.62    582.27    582.65    582.99    583.17    583.40    583.48    583.61    583.60    583.68    583.62    583.61    583.44    583.40    583.33    583.42    583.42    583.50    583.48    583.62    583.65    583.73    583.66    583.70    583.65    583.71    583.66    583.69    583.58    583.56
      0.00      0.00    581.62    582.25    582.65    582.98    583.14    583.35    583.42    583.55    583.54    583.60    583.53    583.49    583.34    583.32    583.26    583.36    583.37    583.47    583.47    583.59    583.60    583.68    583.63    583.64    583.56    583.58    583.54    583.63    583.60    583.64
      0.00      0.00    581.47    582.12    582.55    582.90    583.03    583.19    583.21    583.32    583.30    583.35    583.27    583.25    583.13    583.15    583.11    583.21    583.20    583.28    583.26    583.35    583.34    583.39    583.33    583.38    583.35    583.43    583.43    583.53    583.54    583.64
      0.00      0.00    581.63    582.21    582.53    582.83    582.96    583.13    583.17    583.26    583.27    583.36    583.32    583.32    583.18    583.16    583.11    583.22    583.23    583.31    583.29    583.38    583.40    583.49    583.44    583.46    583.40    583.47    583.45    583.51    583.46    583.48
      0.00      0.00    581.63    582.27    582.65    582.97    583.11    583.30    583.37    583.52    583.57    583.70    583.66    583.63    583.45    583.39    583.31    583.43    583.46    583.57    583.55    583.63    583.60    583.66    583.63    583.70    583.67    583.71    583.65    583.68    583.62    583.63
      0.00      0.00    581.65    582.30    582.70    583.06    583.20    583.33    583.33    583.45    583.50    583.65    583.63    583.60    583.39    583.34    583.30    583.46    583.51    583.60    583.57    583.66    583.63    583.67    583.59    583.64    583.59    583.64    583.62    583.68    583.61    583.63
      0.00      0.00    581.56    582.24    582.56    582.79    582.90    583.13    583.27    583.48    583.54    583.66    583.60    583.53    583.28    583.17    583.10    583.25    583.31    583.44    583.45    583.61    583.66    583.73    583.62    583.62    583.54    583.57    583.52    583.60    583.56    583.59
      0.00      0.00    581.56    582.18    582.57    582.96    583.17    583.42    583.49    583.58    583.52    583.55    583.46    583.46    583.31    583.31    583.26    583.33    583.31    583.38    583.42    583.60    583.64    583.69    583.60    583.66    583.65    583.71    583.63    583.64    583.53    583.54
      0.00      0.00    581.66    582.27    582.60    582.90    583.04    583.26    583.33    583.48    583.51    583.64    583.61    583.58    583.36    583.27    583.19    583.30    583.32    583.40    583.39    583.53    583.58    583.68    583.62    583.68    583.62    583.66    583.60    583.65    583.58    583.60
      0.00      0.00    581.69    582.29    582.61    582.86    582.97    583.18    583.26    583.43    583.46    583.56    583.50    583.47    583.30    583.27    583.23    583.34    583.36    583.43    583.40    583.51    583.51    583.58    583.55    583.66    583.65    583.68    583.60    583.63    583.56    583.58
      0.00      0.00    581.50    582.19    582.64    583.05    583.25    583.45    583.49    583.58    583.55    583.63    583.57    583.55    583.37    583.31    583.24    583.35    583.39    583.52    583.53    583.64    583.64    583.71    583.67    583.75    583.69    583.70    583.62    583.65    583.60    583.64
      0.00      0.00    581.58    582.22    582.65    583.04    583.19    583.37    583.41    583.56    583.57    583.65    583.58    583.56    583.42    583.42    583.37    583.45    583.45    583.55    583.56    583.68    583.65    583.66    583.56    583.61    583.57    583.65    583.64    583.75    583.72    583.74
      0.00      0.00    581.55    582.20    582.55    582.81    582.93    583.19    583.32    583.48    583.44    583.41    583.26    583.21    583.10    583.13    583.12    583.21    583.21    583.29    583.28    583.40    583.41    583.50    583.46    583.52    583.49    583.56    583.54    583.60    583.53    583.54
      0.00      0.00    581.56    582.24    582.62    582.93    583.06    583.25    583.31    583.45    583.46    583.54    583.49    583.50    583.38    583.37    583.31    583.38    583.37    583.45    583.43    583.53    583.53    583.60    583.56    583.60    583.55    583.59    583.54    583.60    583.54    583.53
      0.00      0.00    581.64    582.24    582.59    582.97    583.19    583.43    583.48    583.58    583.56    583.65    583.62    583.63    583.48    583.46    583.40    583.48    583.45    583.51    583.49    583.62    583.66    583.75    583.70    583.75    583.68    583.70    583.63    583.66    583.59    583.62
      0.00      0.00    581.62    582.25    582.63    582.96    583.10    583.28    583.32    583.43    583.42    583.52    583.49    583.50    583.35    583.30    583.22    583.33    583.35    583.47    583.47    583.56    583.54    583.59    583.54    583.62    583.57    583.59    583.53    583.60    583.57    583.61
      0.00      0.00    581.63    582.25    582.58    582.84    583.00    583.31    583.47    583.63    583.61    583.66    583.59    583.55    583.36    583.28    583.18    583.27    583.29    583.43    583.51    583.73    583.79    583.81    583.66    583.64    583.57    583.61    583.55    583.62    583.60    583.68
      0.00      0.00    581.51    582.17    582.59    582.98    583.20    583.45    583.51    583.59    583.56    583.65    583.62    583.60    583.40    583.33    583.26    583.38    583.40    583.48    583.47    583.64    583.73    583.86    583.79    583.81    583.73    583.74    583.66    583.67    583.54    583.48
      0.00      0.00    581.65    582.28    582.65    582.97    583.14    583.36    583.38    583.47    583.48    583.64    583.67    583.65    583.39    583.24    583.13    583.26    583.35    583.51    583.54    583.70    583.75    583.83    583.74    583.74    583.64    583.62    583.54    583.60    583.57    583.62
      0.00      0.00    581.59    582.31    582.73    583.04    583.19    583.41    583.47    583.57    583.58    583.71    583.68    583.61    583.33    583.20    583.16    583.37    583.49    583.62    583.60    583.72    583.74    583.78    583.66    583.68    583.65    583.69    583.62    583.66    583.59    583.62
      0.00      0.00    581.59    582.20    582.56    582.90    583.08    583.33    583.45    583.65    583.69    583.75    583.65    583.54    583.29    583.22    583.16    583.29    583.33    583.44    583.46    583.63    583.67    583.74    583.68    583.75    583.71    583.72    583.63    583.67    583.57    583.53
      0.00      0.00    581.56    582.17    582.58    582.97    583.15    583.32    583.33    583.43    583.44    583.58    583.58    583.57    583.37    583.27    583.17    583.29    583.33    583.45    583.44    583.54    583.56    583.65    583.60    583.63    583.53    583.55    583.53    583.63    583.61    583.68
      0.00      0.00    581.42    582.18    582.71    583.18    583.38    583.53    583.49    583.53    583.47    583.56    583.55    583.60    583.50    583.48    583.40    583.46    583.44    583.53    583.54    583.66    583.65    583.69    583.62    583.67    583.62    583.64    583.60    583.69    583.69    583.76
      0.00      0.00    581.58    582.23    582.61    582.97    583.15    583.35    583.42    583.54    583.51    583.55    583.46    583.46    583.37    583.40    583.36    583.43    583.40    583.47    583.46    583.57    583.57    583.64    583.59    583.61    583.54    583.58    583.57    583.68    583.65    583.68
      0.00      0.00    581.57    582.20    582.59    582.99    583.23    583.44    583.46    583.50    583.44    583.48    583.42    583.45    583.36    583.39    583.35    583.42    583.39    583.44    583.41    583.51    583.51    583.59    583.54    583.60    583.58    583.63    583.57    583.58    583.49    583.50
      0.00      0.00    581.68    582.28    582.61    582.92    583.08    583.35    583.47    583.63    583.60    583.62    583.53    583.53    583.41    583.42    583.37    583.45    583.42    583.51    583.51    583.65    583.66    583.70    583.63    583.69    583.66    583.70    583.62    583.66    583.59    583.62
      0.00      0.00    581.61    582.18    582.54    582.92    583.13    583.36    583.43    583.56    583.54    583.60    583.53    583.50    583.34    583.29    583.22    583.31    583.32    583.43    583.43    583.57    583.60    583.69    583.64    583.67    583.59    583.62    583.59    583.66    583.60    583.61
      0.00      0.00    581.57    582.26    582.67    582.99    583.15    583.35    583.39    583.52    583.54    583.68    583.68    583.67    583.46    583.35    583.24    583.35    583.38    583.48    583.48    583.61    583.66    583.75    583.70    583.74    583.68    583.70    583.64    583.70    583.63    583.64
      0.00      0.00    581.61    582.24    582.59    582.93    583.17    583.45    583.51    583.59    583.57    583.70    583.70    583.67    583.42    583.26    583.13    583.25    583.34    583.51    583.56    583.72    583.77    583.85    583.77    583.78    583.69    583.66    583.56    583.61    583.56    583.60
      0.00      0.00    581.47    582.23    582.68    582.99    583.10    583.25    583.27    583.41    583.46    583.63    583.62    583.55    583.27    583.13    583.04    583.17    583.22    583.36    583.41    583.61    583.67    583.71    583.58    583.61    583.59    583.61    583.50    583.55    583.54    583.65
      0.00      0.00    581.60    582.22    582.53    582.81    582.98    583.24    583.32    583.46    583.49    583.60    583.57    583.52    583.25    583.12    583.04    583.19    583.30    583.44    583.44    583.57    583.60    583.70    583.64    583.67    583.58    583.57    583.52    583.61    583.56    583.57
      0.00      0.00    581.41    582.26    582.78    583.14    583.27    583.43    583.45    583.55    583.54    583.65    583.63    583.62    583.41    583.30    583.20    583.30    583.35    583.49    583.53    583.68    583.69    583.75    583.70    583.78    583.74    583.71    583.59    583.62    583.56    583.57
      0.00      0.00    581.56    582.24    582.62    582.92    583.09    583.35    583.46    583.63    583.67    583.76    583.70    583.63    583.37    583.27    583.20    583.34    583.40    583.52    583.55    583.70    583.72    583.75    583.65    583.69    583.64    583.66    583.60    583.66    583.60    583.62
      0.00      0.00    581.53    582.18    582.58    582.96    583.17    583.40    583.43    583.50    583.47    583.56    583.55    583.57    583.41    583.32    583.19    583.25    583.27    583.41    583.46    583.63    583.66    583.72    583.62    583.62    583.53    583.57    583.56    583.66    583.63    583.65
      0.00      0.00    581.71    582.29    582.62    582.94    583.09    583.32    583.42    583.58    583.58    583.65    583.58    583.55    583.39    583.36    583.30    583.40    583.43    583.54    583.54    583.64    583.62    583.68    583.61    583.65    583.59    583.64    583.62    583.69    583.65    583.71
      0.00      0.00    581.64    582.29    582.63    582.92    583.09    583.34    583.43    583.52    583.47    583.49    583.43    583.47    583.39    583.43    583.39    583.47    583.44    583.51    583.48    583.55    583.51    583.55    583.51    583.62    583.62    583.66    583.59    583.66    583.63    583.68
      0.00      0.00    581.53    582.13    582.46    582.78    582.97    583.20    583.26    583.36    583.32    583.35    583.27    583.26    583.16    583.20    583.19    583.29    583.27    583.31    583.25    583.33    583.32    583.39    583.36    583.42    583.39    583.46    583.45    583.53    583.50    583.54
      0.00      0.00    581.66    582.29    582.67    582.99    583.14    583.35    583.45    583.62    583.63    583.71    583.64    583.61    583.45    583.42    583.37    583.48    583.50    583.60    583.58    583.66    583.62    583.66    583.60    583.68    583.64    583.68    583.64    583.69    583.62    583.64
      0.00      0.00    581.61    582.21    582.53    582.81    583.00    583.30    583.45    583.62    583.61    583.66    583.57    583.52    583.32    583.27    583.20    583.31    583.34    583.43    583.42    583.54    583.57    583.65    583.61    583.69    583.65    583.68    583.62    583.66    583.58    583.58
      0.00      0.00    581.50    582.25    582.72    583.06    583.22    583.41    583.44    583.53    583.53    583.65    583.64    583.61    583.39    583.30    583.23    583.37    583.40    583.47    583.44    583.60    583.67    583.78    583.71    583.72    583.64    583.65    583.59    583.65    583.59    583.60
      0.00      0.00    581.63    582.30    582.65    582.92    583.06    583.28    583.34    583.47    583.46    583.55    583.52    583.52    583.32    583.21    583.09    583.18    583.23    583.38    583.43    583.58    583.60    583.67    583.60    583.63    583.54    583.54    583.49    583.60    583.58    583.64
      0.00      0.00    581.47    582.23    582.67    583.02    583.21    583.42    583.43    583.45    583.42    583.56    583.60    583.63    583.42    583.31    583.24    583.38    583.43    583.50    583.48    583.65    583.75    583.82    583.69    583.66    583.59    583.64    583.61    583.69    583.66    583.69
      0.00      0.00    581.54    582.20    582.51    582.75    582.94    583.27    583.40    583.54    583.53    583.61    583.54    583.42    583.09    582.93    582.86    583.09    583.26    583.41    583.40    583.51    583.56    583.69    583.63    583.66    583.57    583.54    583.46    583.55    583.53    583.56
      0.00      0.00    581.54    582.19    582.57    582.97    583.27    583.54    583.55    583.58    583.57    583.76    583.81    583.77    583.44    583.19    583.01    583.15    583.28    583.48    583.53    583.71    583.78    583.85    583.74    583.73    583.65    583.66    583.57    583.60    583.55    583.63
      0.00      0.00    581.42    582.12    582.57    582.99    583.22    583.43    583.40    583.42    583.38    583.49    583.47    583.44    583.21    583.16    583.14    583.32    583.36    583.39    583.31    583.44    583.53    583.69    583.66    583.69    583.61    583.61    583.53    583.59    583.55    583.58
      0.00      0.00    581.37    582.19    582.75    583.13    583.23    583.34    583.32    583.43    583.46    583.61    583.62    583.61    583.39    583.32    583.25    583.40    583.46    583.56    583.55    583.66    583.65    583.67    583.58    583.64    583.60    583.62    583.58    583.69    583.66    583.70
      0.00      0.00    581.52    582.22    582.67    583.08    583.26    583.44    583.41    583.42    583.36    583.48    583.52    583.57    583.41    583.32    583.20    583.27    583.28    583.40    583.43    583.60    583.63    583.69    583.59    583.64    583.60    583.64    583.60    583.66    583.62    583.66
      0.00      0.00    581.69    582.31    582.66    582.97    583.11    583.31    583.41    583.59    583.59    583.64    583.56    583.58    583.49    583.52    583.45    583.49    583.43    583.52    583.54    583.68    583.65    583.65    583.57    583.64    583.62    583.68    583.66    583.75    583.70    583.69
      0.00      0.00    581.63    582.30    582.69    582.97    583.06    583.17    583.18    583.28    583.26    583.31    583.24    583.24    583.15    583.19    583.19    583.32    583.33    583.40    583.34    583.38    583.34    583.42    583.41    583.50    583.46    583.50    583.47    583.59    583.60    583.66
      0.00      0.00    581.45    582.05    582.40    582.78    583.03    583.31    583.39    583.44    583.34    583.33    583.23    583.24    583.15    583.17    583.14    583.21    583.18    583.26    583.26    583.37    583.37    583.43    583.39    583.45    583.42    583.50    583.47    583.52    583.43    583.41
      0.00      0.00    581.61    582.20    582.57    582.93    583.12    583.37    583.50    583.69    583.69    583.73    583.60    583.52    583.34    583.33    583.32    583.48    583.54    583.65    583.62    583.67    583.61    583.65    583.61    583.68    583.63    583.66    583.61    583.68    583.62    583.63
      0.00      0.00    581.58    582.14    582.52    582.92    583.12    583.32    583.37    583.49    583.49    583.56    583.50    583.48    583.33    583.31    583.25    583.34    583.34    583.43    583.44    583.56    583.56    583.60    583.54    583.61    583.57    583.61    583.55    583.61    583.57    583.61
      0.00      0.00    581.52    582.25    582.67    583.00    583.15    583.36    583.44    583.60    583.61    583.69    583.64    583.59    583.38    583.29    583.20    583.32    583.37    583.50    583.52    583.65    583.68    583.77    583.72    583.77    583.70    583.71    583.63    583.68    583.63    583.67
      0.00      0.00    581.50    582.21    582.62    582.96    583.17    583.40    583.40    583.40    583.33    583.46    583.51    583.54    583.31    583.15    583.03    583.15    583.22    583.33    583.34    583.51    583.60    583.68    583.58    583.61    583.57    583.63    583.57    583.63    583.58    583.63
      0.00      0.00    581.53    582.21    582.59    582.88    583.04    583.27    583.33    583.46    583.47    583.56    583.50    583.41    583.15    583.05    583.01    583.20    583.27    583.36    583.33    583.44    583.47    583.57    583.55    583.67    583.66    583.65    583.53    583.57    583.53    583.56
      0.00      0.00    581.64    582.23    582.57    582.91    583.14    583.37    583.36    583.42    583.42    583.60    583.61    583.55    583.24    583.08    583.02    583.24    583.36    583.48    583.44    583.58    583.64    583.71    583.58    583.59    583.55    583.61    583.58    583.65    583.60    583.64
      0.00      0.00    581.41    582.09    582.58    583.05    583.27    583.40    583.29    583.24    583.22    583.45    583.57    583.64    583.43    583.29    583.18    583.30    583.32    583.39    583.37    583.52    583.59    583.67    583.58    583.60    583.56    583.61    583.58    583.67    583.63    583.67
      0.00      0.00    581.41    582.18    582.67    583.02    583.15    583.29    583.24    583.29    583.32    583.54    583.60    583.57    583.26    583.10    583.03    583.23    583.31    583.35    583.26    583.38    583.50    583.67    583.62    583.62    583.53    583.54    583.48    583.58    583.55    583.60
      0.00      0.00    581.55    582.24    582.61    582.90    583.05    583.27    583.31    583.40    583.41    583.59    583.63    583.61    583.35    583.17    583.03    583.16    583.27    583.44    583.46    583.58    583.59    583.65    583.58    583.63    583.57    583.57    583.49    583.57    583.55    583.61
      0.00      0.00    581.54    582.22    582.66    583.09    583.31    583.47    583.41    583.41    583.34    583.44    583.49    583.59    583.50    583.50    583.42    583.49    583.47    583.54    583.52    583.63    583.63    583.69    583.62    583.66    583.61    583.66    583.65    583.74    583.69    583.71
      0.00      0.00    581.69    582.34    582.65    582.89    582.99    583.20    583.28    583.40    583.39    583.50    583.51    583.55    583.42    583.38    583.30    583.37    583.37    583.45    583.44    583.54    583.52    583.56    583.47    583.54    583.52    583.60    583.59    583.68    583.64    583.66
      0.00      0.00    581.80    582.33    582.61    582.93    583.09    583.32    583.42    583.56    583.55    583.59    583.53    583.55    583.46    583.51    583.47    583.55    583.51    583.57    583.53    583.61    583.56    583.60    583.55    583.64    583.62    583.68    583.67    583.74    583.67    583.70
      0.00      0.00    581.67    582.24    582.53    582.77    582.90    583.11    583.20    583.32    583.30    583.35    583.29    583.33    583.25    583.26    583.18    583.20    583.16    583.25    583.28    583.42    583.43    583.48    583.43    583.46    583.42    583.49    583.49    583.59    583.54    583.56
      0.00      0.00    581.50    582.17    582.59    582.97    583.19    583.44    583.53    583.65    583.62    583.64    583.51    583.43    583.26    583.25    583.23    583.36    583.40    583.51    583.50    583.60    583.60    583.67    583.64    583.70    583.65    583.66    583.57    583.59    583.51    583.52
      0.00      0.00    581.58    582.22    582.56    582.86    583.05    583.38    583.56    583.73    583.72    583.76    583.64    583.57    583.32    583.23    583.16    583.31    583.39    583.53    583.53    583.64    583.65    583.72    583.68    583.75    583.70    583.70    583.61    583.64    583.57    583.60
      0.00      0.00    581.54    582.23    582.60    582.92    583.11    583.39    583.50    583.64    583.63    583.70    583.65    583.61    583.39    583.26    583.12    583.21    583.29    583.46    583.52    583.65    583.66    583.73    583.68    583.74    583.68    583.68    583.60    583.66    583.58    583.57
      0.00      0.00    581.47    582.22    582.70    583.09    583.25    583.42    583.44    583.54    583.54    583.66    583.65    583.63    583.42    583.32    583.22    583.32    583.34    583.46    583.49    583.67    583.71    583.76    583.67    583.71    583.65    583.67    583.61    583.65    583.56    583.56
      0.00      0.00    581.66    582.39    582.72    582.92    583.04    583.31    583.43    583.59    583.60    583.69    583.65    583.61    583.38    583.26    583.17    583.29    583.34    583.45    583.47    583.65    583.72    583.78    583.67    583.72    583.69    583.72    583.65    583.70    583.63    583.64
      0.00      0.00    581.54    582.18    582.60    583.01    583.28    583.53    583.49    583.45    583.37    583.49    583.51    583.52    583.27    583.16    583.10    583.27    583.33    583.40    583.36    583.53    583.65    583.75    583.61    583.59    583.54    583.61    583.57    583.65    583.61    583.64
      0.00      0.00    581.40    582.06    582.51    583.00    583.33    583.62    583.58    583.50    583.38    583.47    583.51    583.54    583.33    583.23    583.15    583.31    583.36    583.40    583.31    583.45    583.58    583.77    583.73    583.73    583.63    583.64    583.60    583.68    583.64    583.64
      0.00      0.00    581.68    582.21    582.45    582.74    583.00    583.37    583.47    583.51    583.44    583.53    583.52    583.53    583.33    583.25    583.18    583.33    583.38    583.44    583.37    583.46    583.52    583.65    583.61    583.63    583.55    583.59    583.56    583.66    583.64    583.71
      0.00      0.00    581.48    582.15    582.57    582.97    583.24    583.53    583.58    583.62    583.57    583.68    583.68    583.68    583.44    583.32    583.22    583.35    583.41    583.50    583.46    583.57    583.62    583.71    583.64    583.68    583.66    583.71    583.65    583.71    583.64    583.65
      0.00      0.00    581.50    582.20    582.62    582.98    583.20    583.46    583.52    583.61    583.56    583.62    583.59    583.58    583.40    583.33    583.27    583.42    583.49    583.62    583.62    583.71    583.68    583.69    583.57    583.60    583.55    583.60    583.55    583.64    583.62    583.69
      0.00      0.00    581.57    582.19    582.58    582.93    583.12    583.36    583.41    583.51    583.49    583.58    583.57    583.59    583.44    583.38    583.29    583.37    583.36    583.45    583.46    583.60    583.63    583.71    583.66    583.72    583.65    583.65    583.58    583.64    583.58    583.61
      0.00      0.00    581.69    582.27    582.62    582.96    583.10    583.30    583.39    583.56    583.56    583.62    583.56    583.57    583.46    583.49    583.44    583.49    583.43    583.48    583.45    583.57    583.57    583.65    583.61    583.68    583.61    583.62    583.58    583.69    583.68    583.69
      0.00      0.00    581.72    582.34    582.66    582.92    583.02    583.20    583.30    583.48    583.52    583.62    583.59    583.62    583.51    583.48    583.39    583.41    583.36    583.44    583.45    583.56    583.57    583.63    583.59    583.66    583.62    583.69    583.66    583.71    583.63    583.67
      0.00      0.00    581.53    582.14    582.46    582.78    583.00    583.26    583.33    583.41    583.34    583.35    583.25    583.21    583.06    583.06    583.03    583.14    583.16    583.23    583.21    583.30    583.33    583.44    583.44    583.53    583.49    583.51    583.43    583.49    583.46    583.51
      0.00      0.00    581.57    582.23    582.64    583.05    583.28    583.52    583.60    583.70    583.65    583.66    583.55    583.50    583.35    583.36    583.35    583.47    583.48    583.56    583.54    583.64    583.65    583.72    583.67    583.71    583.64    583.64    583.58    583.65    583.59    583.61
      0.00      0.00    581.64    582.28    582.66    582.94    583.03    583.21    583.29    583.47    583.51    583.63    583.58    583.53    583.31    583.22    583.15    583.26    583.29    583.39    583.40    583.57    583.61    583.69    583.61    583.64    583.55    583.54    583.48    583.60    583.61    583.68
      0.00      0.00    581.67    582.32    582.70    583.00    583.16    583.39    583.46    583.56    583.51    583.59    583.56    583.56    583.39    583.34    583.28    583.39    583.39    583.48    583.50    583.70    583.77    583.82    583.69    583.68    583.61    583.63    583.57    583.66    583.63    583.69
      0.00      0.00    581.61    582.30    582.66    582.92    583.05    583.27    583.35    583.49    583.49    583.57    583.52    583.47    583.23    583.11    583.02    583.15    583.22    583.35    583.35    583.49    583.55    583.70    583.68    583.74    583.66    583.62    583.53    583.60    583.56    583.56
      0.00      0.00    581.56    582.18    582.52    582.86    583.09    583.36    583.37    583.40    583.36    583.50    583.53    583.53    583.27    583.12    583.01    583.14    583.19    583.28    583.28    583.47    583.60    583.71    583.61    583.61    583.55    583.60    583.55    583.61    583.54    583.56
      0.00      0.00    581.54    582.18    582.50    582.85    583.11    583.45    583.52    583.56    583.51    583.60    583.58    583.53    583.24    583.07    582.97    583.16    583.29    583.42    583.40    583.52    583.61    583.77    583.73    583.73    583.63    583.64    583.56    583.63    583.59    583.64
      0.00      0.00    581.61    582.16    582.49    582.86    583.12    583.39    583.42    583.48    583.51    583.70    583.72    583.64    583.30    583.09    583.00    583.20    583.31    583.41    583.36    583.49    583.58    583.72    583.66    583.66    583.58    583.60    583.54    583.62    583.60    583.65
      0.00      0.00    581.50    582.17    582.57    582.93    583.12    583.33    583.36    583.46    583.46    583.57    583.52    583.44    583.17    583.05    583.00    583.16    583.24    583.36    583.36    583.50    583.55    583.62    583.53    583.57    583.53    583.56    583.52    583.60    583.57    583.60
      0.00      0.00    581.53    582.23    582.57    582.86    583.06    583.32    583.38    583.47    583.49    583.66    583.65    583.53    583.17    582.98    582.92    583.19    583.35    583.47    583.42    583.53    583.60    583.70    583.59    583.58    583.50    583.55    583.52    583.63    583.61    583.69
      0.00      0.00    581.47    582.22    582.66    583.00    583.20    583.46    583.50    583.55    583.50    583.63    583.66    583.67    583.44    583.30    583.21    583.38    583.47    583.59    583.57    583.69    583.71    583.77    583.66    583.66    583.58    583.60    583.56    583.66    583.64    583.67
      0.00      0.00    581.67    582.22    582.57    582.91    583.08    583.31    583.40    583.54    583.51    583.54    583.46    583.46    583.33    583.33    583.27    583.33    583.29    583.37    583.38    583.53    583.56    583.64    583.58    583.63    583.55    583.57    583.56    583.66    583.62    583.65
      0.00      0.00    581.65    582.28    582.64    582.99    583.18    583.43    583.51    583.63    583.60    583.63    583.55    583.54    583.43    583.45    583.41    583.50    583.47    583.54    583.52    583.64    583.65    583.70    583.62    583.65    583.59    583.66    583.65    583.72    583.65    583.67
      0.00      0.00    581.54    582.17    582.55    582.87    582.99    583.15    583.21    583.36    583.36    583.41    583.32    583.31    583.19    583.18    583.11    583.16    583.15    583.26    583.30    583.45    583.47    583.54    583.48    583.50    583.42    583.46    583.46    583.57    583.55    583.58
      0.00      0.00    581.62    582.21    582.56    582.87    583.01    583.22    583.30    583.44    583.42    583.44    583.32    583.26    583.12    583.12    583.10    583.20    583.21    583.30    583.30    583.42    583.43    583.52    583.49    583.54    583.49    583.52    583.49    583.56    583.52    583.51
      0.00      0.00    581.59    582.23    582.61    582.99    583.21    583.47    583.54    583.63    583.58    583.62    583.54    583.53    583.39    583.38    583.33    583.43    583.42    583.49    583.47    583.61    583.66    583.78    583.76    583.81    583.73    583.72    583.63    583.64    583.57    583.62
      0.00      0.00    581.56    582.22    582.61    582.97    583.15    583.37    583.42    583.52    583.50    583.59    583.55    583.52    583.31    583.21    583.10    583.20    583.26    583.42    583.48    583.65    583.68    583.72    583.63    583.65    583.58    583.61    583.57    583.65    583.60    583.62
      0.00      0.00    581.57    582.32    582.73    583.02    583.11    583.28    583.34    583.51    583.54    583.65    583.59    583.55    583.34    583.29    583.22    583.34    583.38    583.49    583.53    583.68    583.69    583.74    583.65    583.72    583.68    583.71    583.66    583.72    583.63    583.60
      0.00      0.00    581.62    582.22    582.54    582.86    583.08    583.33    583.40    583.49    583.47    583.56    583.52    583.49    583.26    583.14    583.02    583.11    583.16    583.34    583.43    583.63    583.67    583.73    583.64    583.67    583.60    583.58    583.49    583.56    583.51    583.55
      0.00      0.00    581.59    582.26    582.64    582.95    583.12    583.36    583.41    583.52    583.57    583.75    583.76    583.69    583.39    583.25    583.18    583.36    583.43    583.50    583.45    583.58    583.66    583.79    583.75    583.78    583.69    583.69    583.62    583.69    583.62    583.58
      0.00      0.00    581.60    582.20    582.53    582.82    582.98    583.21    583.29    583.44    583.47    583.59    583.55    583.50    583.24    583.08    582.94    583.04    583.11    583.29    583.38    583.57    583.63    583.70    583.61    583.64    583.56    583.54    583.46    583.55    583.54    583.60
      0.00      0.00    581.65    582.27    582.57    582.87    583.12    583.44    583.52    583.60    583.57    583.69    583.65    583.60    583.34    583.23    583.17    583.35    583.43    583.51    583.46    583.57    583.65    583.82    583.79    583.79    583.67    583.64    583.56    583.63    583.61    583.69
      0.00      0.00    581.45    582.19    582.62    582.99    583.20    583.42    583.44    583.48    583.41    583.47    583.43    583.42    583.23    583.18    583.14    583.27    583.31    583.41    583.40    583.54    583.59    583.67    583.61    583.65    583.56    583.53    583.46    583.57    583.58    583.66
      0.00      0.00    581.56    582.28    582.72    583.07    583.25    583.45    583.49    583.59    583.56    583.63    583.56    583.52    583.33    583.29    583.24    583.38    583.43    583.55    583.57    583.71    583.72    583.75    583.63    583.63    583.56    583.60    583.57    583.67    583.64    583.66
      0.00      0.00    581.57    582.17    582.59    583.01    583.21    583.37    583.36    583.45    583.45    583.56    583.53    583.52    583.34    583.30    583.24    583.35    583.37    583.49    583.52    583.65    583.64    583.66    583.55    583.60    583.56    583.59    583.55    583.64    583.63    583.69
      0.00      0.00    581.55    582.23    582.66    583.04    583.20    583.38    583.43    583.56    583.57    583.65    583.60    583.60    583.48    583.47    583.40    583.46    583.44    583.53    583.54    583.65    583.63    583.67    583.61    583.67    583.64    583.69    583.65    583.71    583.69    583.74
      0.00      0.00    581.69    582.24    582.53    582.83    582.99    583.20    583.27    583.38    583.35    583.41    583.34    583.35    583.24    583.24    583.19    583.27    583.26    583.36    583.35    583.44    583.42    583.47    583.42    583.50    583.47    583.53    583.50    583.60    583.60    583.65
      0.00      0.00    581.59    582.21    582.59    582.94    583.13    583.33    583.38    583.49    583.50    583.59    583.54    583.52    583.35    583.32    583.27    583.40    583.45    583.55    583.52    583.57    583.55    583.62    583.59    583.66    583.61    583.63    583.58    583.65    583.58    583.58
      0.00      0.00    581.47    582.26    582.71    583.08    583.24    583.45    583.48    583.56    583.52    583.58    583.54    583.54    583.38    583.34    583.27    583.37    583.40    583.50    583.50    583.63    583.66    583.75    583.68    583.71    583.64    583.66    583.61    583.67    583.62    583.68
      0.00      0.00    581.51    582.16    582.59    583.01    583.22    583.42    583.43    583.49    583.44    583.53    583.51    583.54    583.38    583.32    583.22    583.28    583.27    583.37    583.41    583.62    583.70    583.78    583.69    583.70    583.61    583.59    583.53    583.63    583.61    583.64
      0.00      0.00    581.65    582.34    582.70    582.95    583.08    583.32    583.40    583.51    583.53    583.69    583.71    583.68    583.42    583.27    583.17    583.33    583.40    583.49    583.48    583.65    583.74    583.85    583.73    583.69    583.60    583.63    583.59    583.69    583.67    583.71
      0.00      0.00    581.69    582.34    582.69    582.96    583.11    583.33    583.40    583.54    583.58    583.74    583.73    583.67    583.38    583.23    583.12    583.28    583.38    583.53    583.55    583.70    583.73    583.79    583.68    583.71    583.65    583.66    583.56    583.62    583.59    583.60
      0.00      0.00    581.46    582.22    582.65    582.97    583.09    583.28    583.35    583.50    583.54    583.64    583.58    583.51    583.26    583.16    583.09    583.20    583.22    583.31    583.32    583.53    583.63    583.73    583.66    583.70    583.63    583.62    583.53    583.57    583.51    583.56
      0.00      0.00    581.35    582.10    582.56    582.97    583.19    583.41    583.41    583.43    583.40    583.55    583.56    583.54    583.28    583.13    583.05    583.21    583.29    583.39    583.35    583.46    583.53    583.67    583.63    583.68    583.60    583.60    583.52    583.60    583.56    583.57
      0.00      0.00    581.55    582.26    582.72    583.09    583.25    583.45    583.52    583.66    583.64    583.69    583.60    583.54    583.34    583.28    583.22    583.33    583.36    583.49    583.54    583.72    583.76    583.80    583.70    583.72    583.64    583.64    583.56    583.63    583.58    583.58
      0.00      0.00    581.60    582.24    582.59    582.91    583.14    583.46    583.57    583.66    583.59    583.62    583.56    583.54    583.36    583.29    583.20    583.30    583.34    583.48    583.53    583.73    583.78    583.81    583.68    583.70    583.65    583.66    583.58    583.64    583.62    583.67
      0.00      0.00    581.53    582.26    582.68    583.01    583.15    583.37    583.47    583.61    583.57    583.57    583.45    583.42    583.29    583.29    583.22    583.30    583.31    583.43    583.48    583.62    583.61    583.65    583.59    583.65    583.58    583.59    583.53    583.62    583.60    583.67
      0.00      0.00    581.72    582.34    582.69    582.98    583.12    583.33    583.42    583.56    583.55    583.62    583.55    583.55    583.40    583.39    583.33    583.41    583.41    583.50    583.53    583.68    583.69    583.70    583.59    583.60    583.55    583.62    583.62    583.71    583.66    583.69
      0.00      0.00    581.62    582.25    582.65    583.00    583.12    583.28    583.34    583.51    583.52    583.59    583.52    583.52    583.41    583.41    583.35    583.44    583.45    583.56    583.55    583.62    583.56    583.62    583.59    583.68    583.63    583.65    583.59    583.66    583.66    583.73
      0.00      0.00    581.69    582.23    582.54    582.90    583.11    583.35    583.40    583.50    583.49    583.58    583.54    583.54    583.39    583.34    583.25    583.33    583.34    583.45    583.46    583.57    583.58    583.69    583.66    583.69    583.60    583.62    583.57    583.62    583.60    583.69
      0.00      0.00    581.59    582.32    582.76    583.07    583.17    583.35    583.41    583.54    583.55    583.65    583.61    583.61    583.44    583.43    583.39    583.51    583.51    583.58    583.57    583.71    583.72    583.73    583.57    583.58    583.54    583.61    583.59    583.68    583.68    583.75
      0.00      0.00    581.60    582.26    582.64    582.95    583.08    583.24    583.27    583.38    583.39    583.51    583.49    583.49    583.32    583.28    583.22    583.32    583.34    583.43    583.44    583.58    583.60    583.66    583.58    583.61    583.52    583.53    583.50    583.63    583.65    583.74
      0.00      0.00    581.46    582.20    582.66    583.01    583.14    583.33    583.40    583.55    583.58    583.68    583.62    583.59    583.39    583.32    583.22    583.28    583.28    583.42    583.49    583.69    583.73    583.76    583.65    583.69    583.62    583.65    583.60    583.65    583.57    583.57
      0.00      0.00    581.60    582.30    582.71    583.02    583.16    583.34    583.38    583.50    583.52    583.67    583.67    583.65    583.43    583.31    583.21    583.34    583.42    583.56    583.57    583.67    583.68    583.75    583.69    583.74    583.67    583.68    583.61    583.68    583.62    583.62
      0.00      0.00    581.55    582.22    582.63    582.98    583.19    583.42    583.46    583.55    583.55    583.67    583.64    583.59    583.33    583.23    583.18    583.34    583.39    583.48    583.48    583.63    583.69    583.75    583.66    583.73    583.70    583.70    583.60    583.65    583.59    583.63
      0.00      0.00    581.38    582.15    582.62    583.00    583.20    583.46    583.58    583.74    583.72    583.75    583.63    583.57    583.37    583.28    583.16    583.22    583.25    583.41    583.49    583.68    583.74    583.84    583.80    583.86    583.77    583.71    583.57    583.60    583.55    583.61
      0.00      0.00    581.59    582.26    582.65    582.99    583.18    583.44    583.51    583.59    583.56    583.63    583.58    583.55    583.35    583.28    583.21    583.31    583.32    583.41    583.43    583.62    583.71    583.79    583.68    583.68    583.61    583.65    583.59    583.63    583.58    583.63
      0.00      0.00    581.53    582.18    582.65    583.05    583.18    583.32    583.33    583.45    583.45    583.53    583.46    583.44    583.27    583.25    583.20    583.30    583.31    583.41    583.43    583.58    583.60    583.64    583.56    583.64    583.64    583.68    583.60    583.63    583.57    583.61
      0.00      0.00    581.65    582.27    582.69    583.09    583.24    583.38    583.37    583.49    583.53    583.67    583.65    583.67    583.52    583.49    583.41    583.47    583.45    583.52    583.51    583.63    583.63    583.69    583.62    583.67    583.61    583.64    583.59    583.68    583.68    583.72
      0.00      0.00    581.65    582.29    582.67    583.00    583.15    583.33    583.37    583.47    583.46    583.53    583.49    583.52    583.43    583.44    583.39    583.47    583.46    583.53    583.51    583.59    583.58    583.65    583.59    583.62    583.54    583.60    583.61    583.73    583.71    583.75
      0.00      0.00    581.50    582.08    582.48    582.90    583.11    583.27    583.27    583.35    583.34    583.43    583.39    583.37    583.23    583.20    583.13    583.21    583.21    583.29    583.27    583.38    583.41    583.53    583.52    583.57    583.49    583.51    583.46    583.52    583.48    583.51
      0.00      0.00    581.60    582.25    582.61    582.95    583.14    583.40    583.49    583.60    583.56    583.61    583.55    583.58    583.48    583.48    583.42    583.48    583.47    583.58    583.60    583.71    583.68    583.71    583.63    583.68    583.64    583.69    583.63    583.66    583.61    583.67
      0.00      0.00    581.54    582.18    582.65    583.08    583.26    583.41    583.41    583.50    583.51    583.62    583.58    583.56    583.39    583.38    583.35    583.49    583.51    583.57    583.53    583.64    583.65    583.73    583.65    583.66    583.55    583.58    583.55    583.65    583.63    583.66
      0.00      0.00    581.60    582.19    582.56    582.94    583.12    583.31    583.34    583.45    583.43    583.50    583.44    583.42    583.27    583.27    583.24    583.35    583.37    583.45    583.43    583.53    583.53    583.60    583.56    583.63    583.59    583.62    583.57    583.63    583.58    583.63
      0.00      0.00    581.48    582.14    582.58    583.01    583.20    583.39    583.42    583.52    583.50    583.56    583.49    583.45    583.28    583.24    583.18    583.31    583.34    583.45    583.45    583.56    583.59    583.70    583.68    583.75    583.67    583.68    583.61    583.65    583.53    583.48
      0.00      0.00    581.66    582.27    582.64    582.94    583.09    583.32    583.43    583.60    583.60    583.64    583.53    583.44    583.24    583.21    583.17    583.30    583.33    583.42    583.41    583.56    583.61    583.70    583.65    583.71    583.67    583.70    583.62    583.65    583.56    583.57
      0.00      0.00    581.55    582.19    582.62    583.01    583.18    583.35    583.38    583.49    583.48    583.54    583.46    583.41    583.25    583.23    583.17    583.27    583.27    583.37    583.39    583.55    583.58    583.65    583.60    583.67    583.61    583.62    583.55    583.62    583.58    583.61
      0.00      0.00    581.55    582.24    582.67    583.05    583.21    583.43    583.51    583.62    583.59    583.62    583.54    583.53    583.40    583.40    583.34    583.42    583.39    583.46    583.46    583.61    583.63    583.69    583.61    583.65    583.61    583.66    583.61    583.68    583.65    583.70
      0.00      0.00    581.64    582.33    582.76    583.08    583.19    583.37    583.43    583.59    583.60    583.68    583.61    583.57    583.41    583.38    583.34    583.45    583.47    583.56    583.55    583.64    583.63    583.69    583.63    583.69    583.63    583.66    583.60    583.67    583.63    583.64
      0.00      0.00    581.52    582.18    582.60    582.93    583.03    583.17    583.19    583.30    583.29    583.37    583.33    583.37    583.31    583.34    583.28    583.32    583.27    583.33    583.32    583.42    583.41    583.47    583.43    583.52    583.50    583.56    583.51    583.56    583.54    583.60
      0.00      0.00    581.45    582.12    582.52    582.85    582.97    583.12    583.16    583.29    583.31    583.39    583.33    583.32    583.20    583.19    583.14    583.23    583.25    583.36    583.36    583.45    583.43    583.47    583.42    583.46    583.42    583.50    583.48    583.56    583.52    583.54
      0.00      0.00    581.56    582.20    582.62    583.00    583.16    583.33    583.35    583.47    583.50    583.62    583.60    583.62    583.48    583.44    583.35    583.41    583.40    583.51    583.52    583.65    583.64    583.69    583.61    583.65    583.61    583.65    583.60    583.64    583.58    583.59
      0.00      0.00    581.60    582.25    582.64    582.96    583.13    583.37    583.48    583.62    583.61    583.66    583.59    583.57    583.43    583.42    583.36    583.46    583.49    583.61    583.61    583.69    583.66    583.70    583.63    583.67    583.60    583.63    583.57    583.63    583.59    583.63
      0.00      0.00    581.66    582.27    582.67    583.08    583.29    583.48    583.47    583.52    583.48    583.59    583.58    583.61    583.48    583.44    583.36    583.44    583.43    583.51    583.49    583.61    583.63    583.74    583.72    583.78    583.69    583.67    583.59    583.66    583.63    583.67
      0.00      0.00    581.63    582.23    582.60    582.96    583.15    583.40    583.48    583.58    583.55    583.59    583.51    583.50    583.37    583.36    583.31    583.42    583.44    583.54    583.53    583.64    583.65    583.75    583.72    583.76    583.67    583.67    583.61    583.67    583.61    583.62
      0.00      0.00    581.51    582.23    582.72    583.15    583.35    583.53    583.55    583.64    583.61    583.67    583.60    583.59    583.44    583.42    583.36    583.44    583.43    583.52    583.51    583.62    583.64    583.74    583.71    583.77    583.69    583.70    583.63    583.67    583.60    583.64
      0.00      0.00    581.54    582.25    582.68    583.05    583.21    583.40    583.46    583.61    583.62    583.70    583.63    583.60    583.44    583.41    583.33    583.40    583.40    583.49    583.48    583.58    583.59    583.70    583.69    583.76    583.68    583.69    583.64    583.72    583.67    583.68
      0.00      0.00    581.69    582.29    582.64    582.97    583.12    583.34    583.41    583.52    583.50    583.56    583.50    583.51    583.40    583.41    583.37    583.45    583.44    583.50    583.47    583.57    583.56    583.63    583.60    583.67    583.63    583.68    583.63    583.71    583.69    583.73
      0.00      0.00    581.64    582.22    582.59    582.93    583.06    583.20    583.20    583.29    583.28    583.36    583.30    583.31    583.22    583.26    583.24    583.34    583.33    583.39    583.34    583.40    583.38    583.46    583.42    583.48    583.45    583.54    583.54    583.60    583.57    583.63
      0.00      0.00    581.58    582.14    582.51    582.87    583.03    583.17    583.15    583.22    583.19    583.28    583.26    583.32    583.27    583.30    583.25    583.30    583.27    583.35    583.35    583.45    583.43    583.49    583.42    583.46    583.41    583.46    583.43    583.51    583.51    583.61
      0.00      0.00    581.52    582.17    582.58    582.94    583.07    583.19    583.18    583.27    583.26    583.35    583.32    583.36    583.27    583.30    583.25    583.33    583.31    583.39    583.39    583.50    583.49    583.55    583.49    583.53    583.46    583.51    583.49    583.56    583.52    583.56
      0.00      0.00    581.54    582.21    582.64    583.01    583.18    583.40    583.48    583.60    583.55    583.54    583.45    583.46    583.39    583.43    583.38    583.45    583.42    583.50    583.51    583.62    583.63    583.70    583.67    583.72    583.66    583.67    583.62    583.65    583.56    583.55
      0.00      0.00    581.60    582.22    582.62    583.04    583.26    583.48    583.53    583.62    583.57    583.58    583.48    583.47    583.37    583.38    583.34    583.41    583.41    583.52    583.53    583.65    583.64    583.71    583.67    583.71    583.62    583.62    583.56    583.64    583.63    583.69
      0.00      0.00    581.52    582.14    582.50    582.84    583.03    583.28    583.35    583.44    583.38    583.40    583.33    583.33    583.23    583.23    583.18    583.26    583.26    583.33    583.31    583.41    583.42    583.52    583.51    583.58    583.53    583.56    583.50    583.55    583.51    583.54
      0.00      0.00    581.65    582.19    582.52    582.87    583.04    583.24    583.28    583.38    583.36    583.42    583.36    583.35    583.24    583.24    583.18    583.24    583.22    583.31    583.30    583.40    583.40    583.48    583.45    583.50    583.46    583.52    583.50    583.59    583.61    583.70
