  1279.7532  1278.8538
   -0.6025    1.4610  1279.4418  1279.2259  1279.1059  1279.0013  1278.9591  1278.9072  1278.9029  1278.8761  1278.8862  1278.8675  1278.8819  1278.8653  1278.8810  1278.8649  1278.8810  1278.8646  1278.8803  1278.8637  1278.8792  1278.8632  1278.8794  1278.8638  1278.8807  1278.8657  1278.8823  1278.8672  1278.8845  1278.8708  1278.8904  1278.8807
   -0.3615    1.4610  1279.4390  1279.2200  1279.0976  1278.9919  1278.9505  1278.8990  1278.8949  1278.8673  1278.8768  1278.8560  1278.8686  1278.8492  1278.8635  1278.8462  1278.8627  1278.8468  1278.8639  1278.8487  1278.8665  1278.8516  1278.8685  1278.8525  1278.8696  1278.8549  1278.8731  1278.8588  1278.8775  1278.8642  1278.8845  1278.8753
   -0.1205    1.4610  1279.4328  1279.2068  1279.0773  1278.9654  1278.9182  1278.8623  1278.8544  1278.8238  1278.8309  1278.8095  1278.8225  1278.8046  1278.8195  1278.8026  1278.8185  1278.8034  1278.8212  1278.8071  1278.8251  1278.8105  1278.8284  1278.8144  1278.8333  1278.8205  1278.8400  1278.8276  1278.8484  1278.8392  1278.8646  1278.8622
    0.1205    1.4610  1279.4334  1279.2065  1279.0768  1278.9640  1278.9164  1278.8593  1278.8509  1278.8196  1278.8273  1278.8055  1278.8185  1278.7994  1278.8143  1278.7973  1278.8148  1278.8003  1278.8196  1278.8057  1278.8245  1278.8100  1278.8287  1278.8148  1278.8342  1278.8206  1278.8396  1278.8261  1278.8473  1278.8375  1278.8636  1278.8610
    0.3615    1.4610  1279.4396  1279.2218  1279.1010  1278.9962  1278.9534  1278.9010  1278.8958  1278.8678  1278.8775  1278.8576  1278.8714  1278.8536  1278.8683  1278.8512  1278.8666  1278.8499  1278.8654  1278.8490  1278.8649  1278.8488  1278.8652  1278.8497  1278.8671  1278.8531  1278.8714  1278.8576  1278.8762  1278.8629  1278.8831  1278.8743
    0.6025    1.4610  1279.4415  1279.2259  1279.1061  1279.0018  1278.9591  1278.9063  1278.9011  1278.8731  1278.8827  1278.8630  1278.8768  1278.8591  1278.8735  1278.8561  1278.8711  1278.8547  1278.8709  1278.8551  1278.8714  1278.8556  1278.8718  1278.8564  1278.8731  1278.8581  1278.8752  1278.8603  1278.8783  1278.8648  1278.8842  1278.8746
   -0.9640    1.2523  1279.4425  1279.2274  1279.1085  1279.0044  1278.9613  1278.9084  1278.9036  1278.8761  1278.8859  1278.8661  1278.8797  1278.8621  1278.8770  1278.8602  1278.8758  1278.8596  1278.8760  1278.8607  1278.8780  1278.8636  1278.8812  1278.8664  1278.8828  1278.8667  1278.8832  1278.8683  1278.8863  1278.8722  1278.8906  1278.8803
   -0.7230    1.2523  1279.4320  1279.2032  1279.0709  1278.9552  1278.9057  1278.8468  1278.8386  1278.8079  1278.8177  1278.7976  1278.8121  1278.7939  1278.8094  1278.7922  1278.8096  1278.7937  1278.8115  1278.7958  1278.8138  1278.7988  1278.8172  1278.8026  1278.8222  1278.8098  1278.8318  1278.8210  1278.8446  1278.8357  1278.8617  1278.8587
   -0.4820    1.2523  1279.4272  1279.1949  1279.0633  1278.9433  1278.8900  1278.8287  1278.8181  1278.7860  1278.7942  1278.7742  1278.7895  1278.7732  1278.7900  1278.7740  1278.7906  1278.7747  1278.7925  1278.7784  1278.7979  1278.7848  1278.8050  1278.7927  1278.8139  1278.8022  1278.8231  1278.8113  1278.8338  1278.8255  1278.8533  1278.8532
   -0.2410    1.2523  1279.4269  1279.1931  1279.0578  1278.9410  1278.8909  1278.8318  1278.8238  1278.7934  1278.8033  1278.7830  1278.7975  1278.7793  1278.7952  1278.7782  1278.7950  1278.7780  1278.7936  1278.7759  1278.7922  1278.7766  1278.7955  1278.7815  1278.8018  1278.7900  1278.8127  1278.8029  1278.8279  1278.8207  1278.8496  1278.8493
    0.0000    1.2523  1279.4284  1279.1979  1279.0659  1278.9502  1278.8994  1278.8393  1278.8303  1278.7998  1278.8097  1278.7901  1278.8051  1278.7873  1278.8029  1278.7851  1278.8010  1278.7830  1278.7988  1278.7815  1278.7993  1278.7852  1278.8056  1278.7925  1278.8119  1278.7976  1278.8168  1278.8041  1278.8273  1278.8194  1278.8483  1278.8494
    0.2410    1.2523  1279.4255  1279.1914  1279.0592  1278.9396  1278.8881  1278.8292  1278.8212  1278.7911  1278.8002  1278.7795  1278.7935  1278.7760  1278.7922  1278.7762  1278.7934  1278.7772  1278.7934  1278.7758  1278.7916  1278.7758  1278.7947  1278.7822  1278.8039  1278.7935  1278.8167  1278.8071  1278.8313  1278.8237  1278.8521  1278.8525
    0.4820    1.2523  1279.4280  1279.1951  1279.0617  1278.9456  1278.8964  1278.8365  1278.8264  1278.7923  1278.7988  1278.7754  1278.7889  1278.7700  1278.7866  1278.7701  1278.7887  1278.7737  1278.7936  1278.7798  1278.8009  1278.7877  1278.8078  1278.7933  1278.8129  1278.7990  1278.8198  1278.8070  1278.8302  1278.8214  1278.8499  1278.8499
    0.7230    1.2523  1279.4311  1279.2037  1279.0724  1278.9567  1278.9049  1278.8448  1278.8355  1278.8059  1278.8162  1278.7975  1278.8127  1278.7954  1278.8110  1278.7940  1278.8103  1278.7940  1278.8104  1278.7944  1278.8119  1278.7976  1278.8163  1278.8028  1278.8221  1278.8094  1278.8301  1278.8195  1278.8434  1278.8359  1278.8629  1278.8606
    0.9640    1.2523  1279.4414  1279.2260  1279.1065  1279.0016  1278.9567  1278.9017  1278.8940  1278.8657  1278.8756  1278.8576  1278.8726  1278.8562  1278.8716  1278.8553  1278.8709  1278.8552  1278.8714  1278.8560  1278.8724  1278.8573  1278.8739  1278.8589  1278.8757  1278.8609  1278.8779  1278.8633  1278.8806  1278.8667  1278.8856  1278.8755
   -1.0845    1.0436  1279.4390  1279.2205  1279.0990  1278.9932  1278.9498  1278.8965  1278.8909  1278.8625  1278.8723  1278.8527  1278.8669  1278.8494  1278.8644  1278.8475  1278.8636  1278.8474  1278.8640  1278.8484  1278.8654  1278.8503  1278.8674  1278.8522  1278.8694  1278.8545  1278.8724  1278.8581  1278.8766  1278.8632  1278.8837  1278.8749
   -0.8435    1.0436  1279.4273  1279.1953  1279.0619  1278.9466  1278.8972  1278.8386  1278.8298  1278.7975  1278.8043  1278.7811  1278.7932  1278.7742  1278.7907  1278.7755  1278.7946  1278.7802  1278.7984  1278.7830  1278.8009  1278.7859  1278.8046  1278.7903  1278.8101  1278.7972  1278.8180  1278.8060  1278.8283  1278.8194  1278.8477  1278.8479
   -0.6025    1.0436  1279.4260  1279.1933  1279.0610  1278.9463  1278.8971  1278.8381  1278.8302  1278.8001  1278.8103  1278.7897  1278.8039  1278.7850  1278.8008  1278.7834  1278.8001  1278.7828  1278.7990  1278.7822  1278.8003  1278.7861  1278.8062  1278.7923  1278.8123  1278.7988  1278.8198  1278.8076  1278.8297  1278.8196  1278.8468  1278.8470
   -0.3615    1.0436  1279.4313  1279.2050  1279.0793  1278.9700  1278.9261  1278.8693  1278.8619  1278.8302  1278.8390  1278.8165  1278.8292  1278.8079  1278.8217  1278.8027  1278.8201  1278.8040  1278.8226  1278.8069  1278.8263  1278.8123  1278.8321  1278.8165  1278.8341  1278.8175  1278.8356  1278.8201  1278.8414  1278.8301  1278.8553  1278.8519
   -0.1205    1.0436  1279.4270  1279.1957  1279.0659  1278.9545  1278.9099  1278.8550  1278.8492  1278.8192  1278.8280  1278.8061  1278.8198  1278.8009  1278.8167  1278.7996  1278.8167  1278.7998  1278.8165  1278.7995  1278.8166  1278.8005  1278.8184  1278.8033  1278.8232  1278.8099  1278.8296  1278.8153  1278.8358  1278.8247  1278.8514  1278.8508
    0.1205    1.0436  1279.4285  1279.1995  1279.0716  1278.9607  1278.9152  1278.8572  1278.8484  1278.8158  1278.8244  1278.8028  1278.8172  1278.7984  1278.8140  1278.7966  1278.8144  1278.7989  1278.8177  1278.8021  1278.8208  1278.8055  1278.8241  1278.8079  1278.8254  1278.8096  1278.8291  1278.8152  1278.8372  1278.8266  1278.8522  1278.8496
    0.3615    1.0436  1279.4295  1279.2021  1279.0749  1278.9657  1278.9223  1278.8676  1278.8612  1278.8301  1278.8380  1278.8152  1278.8276  1278.8076  1278.8219  1278.8038  1278.8201  1278.8038  1278.8214  1278.8063  1278.8253  1278.8111  1278.8300  1278.8150  1278.8336  1278.8187  1278.8367  1278.8207  1278.8393  1278.8270  1278.8519  1278.8499
    0.6025    1.0436  1279.4261  1279.1942  1279.0632  1278.9505  1278.9013  1278.8427  1278.8328  1278.8013  1278.8090  1278.7880  1278.8014  1278.7830  1278.7977  1278.7802  1278.7968  1278.7813  1278.7994  1278.7843  1278.8018  1278.7867  1278.8050  1278.7911  1278.8105  1278.7982  1278.8196  1278.8088  1278.8310  1278.8216  1278.8486  1278.8483
    0.8435    1.0436  1279.4282  1279.1947  1279.0636  1278.9439  1278.8947  1278.8361  1278.8287  1278.7970  1278.8057  1278.7834  1278.7976  1278.7783  1278.7939  1278.7754  1278.7919  1278.7748  1278.7934  1278.7785  1278.7986  1278.7841  1278.8035  1278.7885  1278.8090  1278.7956  1278.8171  1278.8040  1278.8273  1278.8193  1278.8490  1278.8496
    1.0845    1.0436  1279.4405  1279.2222  1279.0999  1278.9928  1278.9490  1278.8944  1278.8878  1278.8579  1278.8664  1278.8457  1278.8594  1278.8413  1278.8569  1278.8403  1278.8573  1278.8416  1278.8586  1278.8425  1278.8593  1278.8433  1278.8603  1278.8446  1278.8620  1278.8475  1278.8658  1278.8514  1278.8700  1278.8564  1278.8769  1278.8681
   -1.2050    0.8348  1279.4334  1279.2076  1279.0783  1278.9665  1278.9185  1278.8624  1278.8543  1278.8239  1278.8310  1278.8086  1278.8197  1278.8002  1278.8143  1278.7981  1278.8155  1278.8012  1278.8194  1278.8054  1278.8243  1278.8117  1278.8312  1278.8181  1278.8365  1278.8228  1278.8412  1278.8279  1278.8482  1278.8386  1278.8636  1278.8602
   -0.9640    0.8348  1279.4273  1279.1942  1279.0626  1278.9426  1278.8909  1278.8309  1278.8216  1278.7902  1278.7990  1278.7779  1278.7920  1278.7738  1278.7896  1278.7726  1278.7897  1278.7739  1278.7916  1278.7761  1278.7947  1278.7802  1278.7994  1278.7852  1278.8045  1278.7916  1278.8129  1278.8020  1278.8258  1278.8185  1278.8475  1278.8487
   -0.7230    0.8348  1279.4308  1279.2037  1279.0754  1278.9632  1278.9166  1278.8590  1278.8517  1278.8219  1278.8330  1278.8129  1278.8272  1278.8070  1278.8215  1278.8035  1278.8205  1278.8037  1278.8208  1278.8050  1278.8246  1278.8112  1278.8308  1278.8151  1278.8334  1278.8184  1278.8376  1278.8230  1278.8443  1278.8336  1278.8590  1278.8555
   -0.4820    0.8348  1279.4275  1279.1965  1279.0661  1278.9541  1278.9089  1278.8533  1278.8458  1278.8134  1278.8190  1278.7947  1278.8069  1278.7880  1278.8045  1278.7882  1278.8061  1278.7902  1278.8077  1278.7911  1278.8085  1278.7934  1278.8124  1278.7986  1278.8181  1278.8048  1278.8251  1278.8114  1278.8319  1278.8211  1278.8473  1278.8464
   -0.2410    0.8348  1279.4265  1279.1933  1279.0593  1278.9445  1278.8969  1278.8402  1278.8329  1278.8026  1278.8119  1278.7904  1278.8037  1278.7839  1278.7983  1278.7805  1278.7966  1278.7792  1278.7953  1278.7788  1278.7975  1278.7840  1278.8035  1278.7885  1278.8068  1278.7924  1278.8122  1278.7997  1278.8233  1278.8162  1278.8455  1278.8471
    0.0000    0.8348  1279.4267  1279.1937  1279.0609  1278.9470  1278.9004  1278.8429  1278.8356  1278.8058  1278.8168  1278.7970  1278.8116  1278.7923  1278.8070  1278.7888  1278.8051  1278.7870  1278.8024  1278.7842  1278.8015  1278.7866  1278.8057  1278.7907  1278.8098  1278.7969  1278.8185  1278.8062  1278.8293  1278.8207  1278.8493  1278.8494
    0.2410    0.8348  1279.4270  1279.1953  1279.0615  1278.9447  1278.8945  1278.8347  1278.8255  1278.7937  1278.8030  1278.7827  1278.7981  1278.7807  1278.7975  1278.7813  1278.7991  1278.7824  1278.7988  1278.7811  1278.7975  1278.7812  1278.7988  1278.7841  1278.8051  1278.7938  1278.8161  1278.8038  1278.8268  1278.8182  1278.8464  1278.8464
    0.4820    0.8348  1279.4267  1279.1949  1279.0658  1278.9536  1278.9076  1278.8484  1278.8400  1278.8086  1278.8186  1278.7968  1278.8104  1278.7897  1278.8051  1278.7875  1278.8063  1278.7904  1278.8083  1278.7910  1278.8092  1278.7936  1278.8126  1278.7963  1278.8150  1278.8003  1278.8211  1278.8072  1278.8298  1278.8201  1278.8483  1278.8485
    0.7230    0.8348  1279.4290  1279.2003  1279.0729  1278.9626  1278.9180  1278.8625  1278.8569  1278.8267  1278.8356  1278.8129  1278.8248  1278.8035  1278.8172  1278.7987  1278.8159  1278.8003  1278.8194  1278.8050  1278.8247  1278.8105  1278.8294  1278.8137  1278.8319  1278.8167  1278.8362  1278.8224  1278.8443  1278.8325  1278.8566  1278.8524
    0.9640    0.8348  1279.4262  1279.1924  1279.0596  1278.9400  1278.8884  1278.8304  1278.8220  1278.7916  1278.7998  1278.7783  1278.7911  1278.7726  1278.7876  1278.7714  1278.7882  1278.7731  1278.7906  1278.7762  1278.7949  1278.7815  1278.8007  1278.7875  1278.8075  1278.7955  1278.8160  1278.8042  1278.8263  1278.8188  1278.8472  1278.8482
    1.2050    0.8348  1279.4331  1279.2068  1279.0768  1278.9636  1278.9138  1278.8553  1278.8454  1278.8136  1278.8205  1278.7988  1278.8121  1278.7941  1278.8093  1278.7929  1278.8094  1278.7944  1278.8124  1278.7982  1278.8166  1278.8027  1278.8214  1278.8080  1278.8269  1278.8137  1278.8331  1278.8206  1278.8421  1278.8328  1278.8580  1278.8550
   -1.3255    0.6261  1279.4340  1279.2078  1279.0777  1278.9631  1278.9118  1278.8510  1278.8406  1278.8101  1278.8210  1278.8034  1278.8206  1278.8052  1278.8227  1278.8070  1278.8235  1278.8063  1278.8215  1278.8040  1278.8207  1278.8058  1278.8245  1278.8107  1278.8305  1278.8184  1278.8397  1278.8284  1278.8506  1278.8416  1278.8676  1278.8647
   -1.0845    0.6261  1279.4265  1279.1935  1279.0646  1278.9468  1278.8983  1278.8402  1278.8332  1278.8023  1278.8114  1278.7895  1278.8033  1278.7835  1278.7985  1278.7801  1278.7968  1278.7801  1278.7985  1278.7832  1278.8027  1278.7881  1278.8074  1278.7924  1278.8121  1278.7982  1278.8187  1278.8055  1278.8283  1278.8188  1278.8474  1278.8470
   -0.8435    0.6261  1279.4278  1279.1991  1279.0745  1278.9606  1278.9137  1278.8567  1278.8494  1278.8191  1278.8284  1278.8072  1278.8207  1278.8011  1278.8159  1278.7982  1278.8151  1278.7986  1278.8157  1278.7990  1278.8169  1278.8016  1278.8204  1278.8055  1278.8243  1278.8098  1278.8292  1278.8153  1278.8367  1278.8258  1278.8516  1278.8496
   -0.6025    0.6261  1279.4254  1279.1911  1279.0594  1278.9471  1278.9003  1278.8426  1278.8343  1278.8026  1278.8110  1278.7888  1278.8017  1278.7818  1278.7960  1278.7783  1278.7962  1278.7814  1278.8000  1278.7837  1278.8006  1278.7850  1278.8043  1278.7900  1278.8087  1278.7941  1278.8139  1278.8013  1278.8241  1278.8152  1278.8436  1278.8448
   -0.3615    0.6261  1279.4266  1279.1930  1279.0590  1278.9447  1278.8984  1278.8409  1278.8325  1278.8011  1278.8102  1278.7891  1278.8027  1278.7827  1278.7968  1278.7784  1278.7947  1278.7773  1278.7944  1278.7788  1278.7980  1278.7836  1278.8014  1278.7851  1278.8046  1278.7929  1278.8155  1278.8051  1278.8322  1278.8259  1278.8548  1278.8547
   -0.1205    0.6261  1279.4311  1279.2038  1279.0776  1278.9672  1278.9214  1278.8638  1278.8574  1278.8282  1278.8402  1278.8203  1278.8347  1278.8154  1278.8303  1278.8124  1278.8306  1278.8147  1278.8323  1278.8143  1278.8305  1278.8138  1278.8315  1278.8148  1278.8320  1278.8167  1278.8375  1278.8245  1278.8466  1278.8359  1278.8618  1278.8578
    0.1205    0.6261  1279.4314  1279.2042  1279.0781  1278.9696  1278.9263  1278.8710  1278.8654  1278.8363  1278.8469  1278.8256  1278.8379  1278.8157  1278.8278  1278.8080  1278.8240  1278.8076  1278.8250  1278.8089  1278.8272  1278.8125  1278.8317  1278.8162  1278.8341  1278.8182  1278.8369  1278.8228  1278.8448  1278.8341  1278.8586  1278.8550
    0.3615    0.6261  1279.4256  1279.1911  1279.0565  1278.9420  1278.8943  1278.8384  1278.8319  1278.8017  1278.8098  1278.7877  1278.8011  1278.7828  1278.7980  1278.7803  1278.7959  1278.7788  1278.7957  1278.7800  1278.7978  1278.7830  1278.8016  1278.7875  1278.8073  1278.7950  1278.8162  1278.8062  1278.8331  1278.8272  1278.8554  1278.8548
    0.6025    0.6261  1279.4262  1279.1939  1279.0620  1278.9487  1278.9008  1278.8428  1278.8334  1278.8004  1278.8065  1278.7841  1278.7983  1278.7808  1278.7966  1278.7785  1278.7934  1278.7757  1278.7933  1278.7790  1278.7990  1278.7855  1278.8048  1278.7909  1278.8108  1278.7980  1278.8182  1278.8056  1278.8278  1278.8184  1278.8459  1278.8463
    0.8435    0.6261  1279.4288  1279.1992  1279.0706  1278.9595  1278.9131  1278.8545  1278.8450  1278.8131  1278.8227  1278.8022  1278.8169  1278.7977  1278.8126  1278.7952  1278.8132  1278.7982  1278.8166  1278.8000  1278.8173  1278.8013  1278.8196  1278.8042  1278.8232  1278.8098  1278.8309  1278.8180  1278.8401  1278.8292  1278.8539  1278.8508
    1.0845    0.6261  1279.4269  1279.1943  1279.0658  1278.9491  1278.9006  1278.8417  1278.8340  1278.8028  1278.8114  1278.7888  1278.8010  1278.7804  1278.7957  1278.7789  1278.7975  1278.7818  1278.7998  1278.7838  1278.8030  1278.7893  1278.8098  1278.7953  1278.8144  1278.8000  1278.8205  1278.8073  1278.8293  1278.8191  1278.8475  1278.8482
    1.3255    0.6261  1279.4334  1279.2065  1279.0758  1278.9626  1278.9145  1278.8571  1278.8477  1278.8159  1278.8231  1278.8010  1278.8137  1278.7942  1278.8086  1278.7916  1278.8085  1278.7939  1278.8122  1278.7983  1278.8174  1278.8036  1278.8221  1278.8078  1278.8273  1278.8146  1278.8340  1278.8202  1278.8404  1278.8304  1278.8557  1278.8530
   -1.4460    0.4174  1279.4404  1279.2232  1279.1019  1278.9963  1278.9529  1278.8997  1278.8937  1278.8648  1278.8735  1278.8528  1278.8660  1278.8478  1278.8627  1278.8460  1278.8622  1278.8471  1278.8647  1278.8505  1278.8683  1278.8535  1278.8704  1278.8548  1278.8710  1278.8550  1278.8715  1278.8562  1278.8744  1278.8619  1278.8826  1278.8742
   -1.2050    0.4174  1279.4269  1279.1944  1279.0594  1278.9417  1278.8893  1278.8293  1278.8211  1278.7910  1278.8002  1278.7787  1278.7912  1278.7716  1278.7864  1278.7699  1278.7875  1278.7724  1278.7904  1278.7753  1278.7941  1278.7808  1278.8013  1278.7886  1278.8089  1278.7959  1278.8161  1278.8038  1278.8265  1278.8186  1278.8474  1278.8484
   -0.9640    0.4174  1279.4289  1279.1990  1279.0697  1278.9583  1278.9138  1278.8578  1278.8508  1278.8190  1278.8268  1278.8045  1278.8186  1278.8000  1278.8156  1278.7975  1278.8138  1278.7965  1278.8139  1278.7977  1278.8159  1278.8005  1278.8192  1278.8043  1278.8238  1278.8101  1278.8299  1278.8157  1278.8366  1278.8252  1278.8506  1278.8490
   -0.7230    0.4174  1279.4267  1279.1941  1279.0606  1278.9460  1278.8981  1278.8402  1278.8317  1278.8004  1278.8095  1278.7891  1278.8043  1278.7874  1278.8051  1278.7898  1278.8071  1278.7893  1278.8034  1278.7848  1278.8016  1278.7865  1278.8053  1278.7907  1278.8103  1278.7981  1278.8201  1278.8088  1278.8318  1278.8225  1278.8487  1278.8476
   -0.4820    0.4174  1279.4302  1279.2005  1279.0719  1278.9615  1278.9184  1278.8635  1278.8586  1278.8285  1278.8383  1278.8173  1278.8325  1278.8143  1278.8298  1278.8110  1278.8273  1278.8105  1278.8289  1278.8126  1278.8300  1278.8128  1278.8299  1278.8130  1278.8310  1278.8164  1278.8377  1278.8253  1278.8487  1278.8381  1278.8628  1278.8583
   -0.2410    0.4174  1279.4269  1279.1961  1279.0659  1278.9535  1278.9052  1278.8479  1278.8394  1278.8075  1278.8144  1278.7914  1278.8043  1278.7849  1278.7988  1278.7797  1278.7943  1278.7774  1278.7948  1278.7801  1278.7994  1278.7863  1278.8070  1278.7939  1278.8124  1278.7974  1278.8166  1278.8043  1278.8269  1278.8181  1278.8458  1278.8459
    0.0000    0.4174  1279.4327  1279.2065  1279.0808  1278.9735  1278.9341  1278.8823  1278.8779  1278.8474  1278.8548  1278.8317  1278.8447  1278.8260  1278.8430  1278.8268  1278.8452  1278.8283  1278.8438  1278.8245  1278.8396  1278.8221  1278.8395  1278.8232  1278.8415  1278.8275  1278.8476  1278.8334  1278.8540  1278.8413  1278.8640  1278.8585
    0.2410    0.4174  1279.4270  1279.1926  1279.0600  1278.9462  1278.8989  1278.8406  1278.8312  1278.7987  1278.8073  1278.7857  1278.8004  1278.7823  1278.7981  1278.7806  1278.7980  1278.7815  1278.7995  1278.7827  1278.8006  1278.7855  1278.8050  1278.7908  1278.8100  1278.7965  1278.8178  1278.8059  1278.8296  1278.8216  1278.8511  1278.8514
    0.4820    0.4174  1279.4309  1279.2034  1279.0769  1278.9682  1278.9247  1278.8696  1278.8638  1278.8347  1278.8452  1278.8238  1278.8366  1278.8160  1278.8313  1278.8145  1278.8329  1278.8169  1278.8325  1278.8135  1278.8294  1278.8134  1278.8325  1278.8172  1278.8349  1278.8194  1278.8383  1278.8242  1278.8456  1278.8344  1278.8591  1278.8553
    0.7230    0.4174  1279.4276  1279.1966  1279.0645  1278.9495  1278.9012  1278.8444  1278.8399  1278.8122  1278.8229  1278.8000  1278.8100  1278.7867  1278.7998  1278.7821  1278.8006  1278.7849  1278.8022  1278.7858  1278.8046  1278.7913  1278.8119  1278.7976  1278.8164  1278.8012  1278.8191  1278.8032  1278.8241  1278.8147  1278.8432  1278.8442
    0.9640    0.4174  1279.4282  1279.1977  1279.0679  1278.9560  1278.9108  1278.8553  1278.8488  1278.8182  1278.8275  1278.8062  1278.8207  1278.8015  1278.8166  1278.7982  1278.8148  1278.7978  1278.8157  1278.7995  1278.8178  1278.8018  1278.8194  1278.8035  1278.8225  1278.8090  1278.8295  1278.8162  1278.8382  1278.8273  1278.8529  1278.8498
    1.2050    0.4174  1279.4276  1279.1945  1279.0633  1278.9436  1278.8925  1278.8325  1278.8234  1278.7913  1278.7992  1278.7773  1278.7917  1278.7738  1278.7901  1278.7729  1278.7894  1278.7728  1278.7910  1278.7761  1278.7955  1278.7811  1278.8003  1278.7862  1278.8065  1278.7937  1278.8148  1278.8024  1278.8254  1278.8172  1278.8461  1278.8475
    1.4460    0.4174  1279.4392  1279.2209  1279.0983  1278.9909  1278.9451  1278.8903  1278.8833  1278.8547  1278.8645  1278.8458  1278.8610  1278.8444  1278.8601  1278.8434  1278.8588  1278.8423  1278.8577  1278.8418  1278.8577  1278.8417  1278.8578  1278.8419  1278.8589  1278.8440  1278.8615  1278.8478  1278.8678  1278.8565  1278.8778  1278.8694
   -1.5665    0.2087  1279.4421  1279.2264  1279.1064  1279.0007  1278.9566  1278.9020  1278.8948  1278.8661  1278.8762  1278.8576  1278.8727  1278.8559  1278.8713  1278.8549  1278.8707  1278.8544  1278.8705  1278.8547  1278.8718  1278.8571  1278.8743  1278.8592  1278.8761  1278.8609  1278.8776  1278.8619  1278.8791  1278.8649  1278.8838  1278.8737
   -1.3255    0.2087  1279.4273  1279.1947  1279.0606  1278.9437  1278.8938  1278.8344  1278.8265  1278.7949  1278.8035  1278.7819  1278.7961  1278.7781  1278.7949  1278.7781  1278.7955  1278.7786  1278.7955  1278.7787  1278.7961  1278.7804  1278.7994  1278.7854  1278.8065  1278.7949  1278.8178  1278.8073  1278.8320  1278.8241  1278.8525  1278.8516
   -1.0845    0.2087  1279.4292  1279.2009  1279.0739  1278.9643  1278.9197  1278.8636  1278.8567  1278.8264  1278.8360  1278.8143  1278.8270  1278.8061  1278.8197  1278.8009  1278.8175  1278.8013  1278.8196  1278.8045  1278.8236  1278.8091  1278.8278  1278.8125  1278.8314  1278.8175  1278.8375  1278.8233  1278.8435  1278.8315  1278.8566  1278.8535
   -0.8435    0.2087  1279.4258  1279.1915  1279.0576  1278.9432  1278.8967  1278.8413  1278.8365  1278.8082  1278.8184  1278.7961  1278.8073  1278.7848  1278.7973  1278.7781  1278.7948  1278.7786  1278.7961  1278.7799  1278.7982  1278.7840  1278.8037  1278.7889  1278.8070  1278.7920  1278.8117  1278.7991  1278.8229  1278.8154  1278.8447  1278.8458
   -0.6025    0.2087  1279.4306  1279.2039  1279.0788  1278.9715  1278.9277  1278.8720  1278.8644  1278.8340  1278.8435  1278.8228  1278.8363  1278.8163  1278.8300  1278.8118  1278.8286  1278.8130  1278.8308  1278.8146  1278.8320  1278.8168  1278.8348  1278.8190  1278.8359  1278.8204  1278.8396  1278.8265  1278.8475  1278.8359  1278.8598  1278.8559
   -0.3615    0.2087  1279.4349  1279.2112  1279.0870  1278.9779  1278.9340  1278.8771  1278.8694  1278.8382  1278.8483  1278.8276  1278.8424  1278.8232  1278.8387  1278.8209  1278.8387  1278.8225  1278.8403  1278.8238  1278.8421  1278.8265  1278.8448  1278.8278  1278.8454  1278.8301  1278.8489  1278.8326  1278.8514  1278.8380  1278.8617  1278.8574
   -0.1205    0.2087  1279.4314  1279.2029  1279.0754  1278.9639  1278.9175  1278.8590  1278.8514  1278.8213  1278.8328  1278.8132  1278.8284  1278.8093  1278.8244  1278.8059  1278.8228  1278.8056  1278.8221  1278.8038  1278.8208  1278.8050  1278.8242  1278.8090  1278.8275  1278.8129  1278.8337  1278.8205  1278.8417  1278.8298  1278.8551  1278.8526
    0.1205    0.2087  1279.4319  1279.2055  1279.0785  1278.9684  1278.9232  1278.8677  1278.8605  1278.8301  1278.8393  1278.8176  1278.8302  1278.8095  1278.8221  1278.8029  1278.8185  1278.8021  1278.8196  1278.8043  1278.8229  1278.8082  1278.8262  1278.8108  1278.8294  1278.8153  1278.8343  1278.8195  1278.8390  1278.8269  1278.8509  1278.8489
    0.3615    0.2087  1279.4339  1279.2083  1279.0820  1278.9713  1278.9277  1278.8744  1278.8720  1278.8439  1278.8544  1278.8321  1278.8447  1278.8245  1278.8396  1278.8221  1278.8405  1278.8245  1278.8421  1278.8240  1278.8403  1278.8228  1278.8405  1278.8244  1278.8430  1278.8282  1278.8479  1278.8334  1278.8543  1278.8414  1278.8645  1278.8592
    0.6025    0.2087  1279.4303  1279.2027  1279.0764  1278.9675  1278.9228  1278.8663  1278.8582  1278.8269  1278.8366  1278.8173  1278.8337  1278.8167  1278.8313  1278.8121  1278.8272  1278.8105  1278.8282  1278.8114  1278.8268  1278.8089  1278.8256  1278.8104  1278.8304  1278.8182  1278.8400  1278.8280  1278.8498  1278.8390  1278.8634  1278.8588
    0.8435    0.2087  1279.4254  1279.1918  1279.0593  1278.9466  1278.8998  1278.8426  1278.8346  1278.8035  1278.8125  1278.7912  1278.8051  1278.7858  1278.7997  1278.7801  1278.7947  1278.7772  1278.7946  1278.7802  1278.7999  1278.7859  1278.8045  1278.7889  1278.8071  1278.7930  1278.8133  1278.8010  1278.8238  1278.8149  1278.8426  1278.8438
    1.0845    0.2087  1279.4304  1279.2031  1279.0728  1278.9606  1278.9156  1278.8614  1278.8556  1278.8261  1278.8348  1278.8136  1278.8268  1278.8084  1278.8241  1278.8082  1278.8255  1278.8092  1278.8251  1278.8077  1278.8238  1278.8077  1278.8246  1278.8092  1278.8281  1278.8154  1278.8353  1278.8213  1278.8417  1278.8319  1278.8568  1278.8541
    1.3255    0.2087  1279.4266  1279.1928  1279.0631  1278.9455  1278.8960  1278.8368  1278.8280  1278.7964  1278.8047  1278.7824  1278.7949  1278.7742  1278.7883  1278.7701  1278.7874  1278.7725  1278.7921  1278.7786  1278.7995  1278.7868  1278.8075  1278.7933  1278.8124  1278.7980  1278.8179  1278.8052  1278.8280  1278.8193  1278.8478  1278.8479
    1.5665    0.2087  1279.4420  1279.2264  1279.1060  1279.0006  1278.9566  1278.9024  1278.8949  1278.8651  1278.8726  1278.8519  1278.8650  1278.8475  1278.8623  1278.8457  1278.8616  1278.8461  1278.8634  1278.8492  1278.8671  1278.8528  1278.8695  1278.8541  1278.8701  1278.8542  1278.8698  1278.8540  1278.8709  1278.8567  1278.8754  1278.8659
   -1.4460    0.0000  1279.4312  1279.2034  1279.0723  1278.9569  1278.9049  1278.8451  1278.8366  1278.8077  1278.8181  1278.7989  1278.8131  1278.7953  1278.8107  1278.7943  1278.8113  1278.7955  1278.8122  1278.7958  1278.8125  1278.7973  1278.8156  1278.8019  1278.8212  1278.8085  1278.8288  1278.8176  1278.8406  1278.8327  1278.8599  1278.8586
   -1.2050    0.0000  1279.4284  1279.1970  1279.0644  1278.9479  1278.8984  1278.8390  1278.8317  1278.8008  1278.8104  1278.7886  1278.8024  1278.7828  1278.7986  1278.7817  1278.8000  1278.7840  1278.8015  1278.7844  1278.8020  1278.7865  1278.8061  1278.7916  1278.8119  1278.7982  1278.8190  1278.8059  1278.8289  1278.8196  1278.8480  1278.8483
   -0.9640    0.0000  1279.4285  1279.1977  1279.0658  1278.9521  1278.9047  1278.8471  1278.8389  1278.8071  1278.8155  1278.7939  1278.8081  1278.7893  1278.8042  1278.7859  1278.8022  1278.7858  1278.8040  1278.7888  1278.8074  1278.7925  1278.8111  1278.7962  1278.8155  1278.8018  1278.8216  1278.8082  1278.8310  1278.8223  1278.8496  1278.8496
   -0.7230    0.0000  1279.4263  1279.1933  1279.0607  1278.9463  1278.8981  1278.8399  1278.8321  1278.8008  1278.8095  1278.7878  1278.8016  1278.7823  1278.7972  1278.7786  1278.7944  1278.7772  1278.7946  1278.7787  1278.7971  1278.7822  1278.8018  1278.7883  1278.8093  1278.7968  1278.8190  1278.8095  1278.8372  1278.8303  1278.8583  1278.8572
   -0.4820    0.0000  1279.4266  1279.1933  1279.0606  1278.9478  1278.9027  1278.8465  1278.8380  1278.8048  1278.8102  1278.7866  1278.7998  1278.7819  1278.7982  1278.7811  1278.7978  1278.7809  1278.7976  1278.7807  1278.7984  1278.7838  1278.8038  1278.7903  1278.8099  1278.7967  1278.8173  1278.8050  1278.8282  1278.8204  1278.8484  1278.8483
   -0.2410    0.0000  1279.4302  1279.2016  1279.0735  1278.9614  1278.9148  1278.8580  1278.8515  1278.8224  1278.8333  1278.8122  1278.8255  1278.8051  1278.8198  1278.8026  1278.8212  1278.8061  1278.8237  1278.8062  1278.8225  1278.8057  1278.8235  1278.8081  1278.8274  1278.8141  1278.8353  1278.8216  1278.8422  1278.8304  1278.8556  1278.8530
    0.0000    0.0000  1279.4299  1279.2004  1279.0720  1278.9615  1278.9159  1278.8609  1278.8543  1278.8243  1278.8330  1278.8101  1278.8218  1278.8009  1278.8147  1278.7970  1278.8150  1278.8003  1278.8182  1278.8013  1278.8181  1278.8025  1278.8216  1278.8064  1278.8233  1278.8077  1278.8265  1278.8125  1278.8330  1278.8228  1278.8500  1278.8503
    0.2410    0.0000  1279.4318  1279.2039  1279.0771  1278.9679  1278.9234  1278.8661  1278.8564  1278.8240  1278.8333  1278.8129  1278.8278  1278.8085  1278.8220  1278.8024  1278.8179  1278.8011  1278.8180  1278.8018  1278.8206  1278.8072  1278.8278  1278.8126  1278.8295  1278.8134  1278.8327  1278.8192  1278.8408  1278.8302  1278.8552  1278.8520
    0.4820    0.0000  1279.4259  1279.1924  1279.0598  1278.9468  1278.9005  1278.8440  1278.8354  1278.8022  1278.8080  1278.7840  1278.7965  1278.7777  1278.7934  1278.7767  1278.7942  1278.7792  1278.7984  1278.7844  1278.8042  1278.7902  1278.8089  1278.7932  1278.8108  1278.7963  1278.8166  1278.8050  1278.8285  1278.8206  1278.8488  1278.8487
    0.7230    0.0000  1279.4268  1279.1946  1279.0615  1278.9458  1278.8964  1278.8375  1278.8293  1278.7989  1278.8087  1278.7880  1278.8017  1278.7824  1278.7977  1278.7807  1278.7986  1278.7825  1278.7990  1278.7812  1278.7977  1278.7825  1278.8021  1278.7884  1278.8083  1278.7950  1278.8160  1278.8060  1278.8342  1278.8289  1278.8581  1278.8574
    0.9640    0.0000  1279.4289  1279.1977  1279.0674  1278.9542  1278.9074  1278.8491  1278.8414  1278.8097  1278.8190  1278.7967  1278.8108  1278.7913  1278.8076  1278.7905  1278.8083  1278.7910  1278.8072  1278.7886  1278.8059  1278.7902  1278.8101  1278.7958  1278.8161  1278.8026  1278.8237  1278.8103  1278.8331  1278.8228  1278.8500  1278.8490
    1.2050    0.0000  1279.4261  1279.1941  1279.0657  1278.9489  1278.9001  1278.8424  1278.8346  1278.8030  1278.8100  1278.7866  1278.7989  1278.7794  1278.7951  1278.7784  1278.7962  1278.7810  1278.7997  1278.7849  1278.8040  1278.7893  1278.8087  1278.7952  1278.8155  1278.8020  1278.8211  1278.8070  1278.8287  1278.8188  1278.8465  1278.8465
    1.4460    0.0000  1279.4311  1279.2020  1279.0708  1278.9569  1278.9087  1278.8509  1278.8421  1278.8093  1278.8157  1278.7924  1278.8047  1278.7858  1278.8015  1278.7853  1278.8030  1278.7874  1278.8055  1278.7906  1278.8093  1278.7948  1278.8131  1278.7984  1278.8178  1278.8048  1278.8254  1278.8132  1278.8353  1278.8254  1278.8516  1278.8492
   -1.5665   -0.2087  1279.4417  1279.2265  1279.1069  1279.0028  1278.9596  1278.9059  1278.8988  1278.8702  1278.8794  1278.8600  1278.8739  1278.8567  1278.8716  1278.8554  1278.8713  1278.8558  1278.8717  1278.8559  1278.8719  1278.8564  1278.8729  1278.8574  1278.8739  1278.8591  1278.8763  1278.8619  1278.8794  1278.8658  1278.8847  1278.8749
   -1.3255   -0.2087  1279.4270  1279.1941  1279.0592  1278.9421  1278.8912  1278.8311  1278.8209  1278.7883  1278.7956  1278.7739  1278.7878  1278.7702  1278.7875  1278.7726  1278.7916  1278.7769  1278.7954  1278.7808  1278.8001  1278.7864  1278.8055  1278.7916  1278.8114  1278.7989  1278.8198  1278.8080  1278.8315  1278.8239  1278.8523  1278.8519
   -1.0845   -0.2087  1279.4299  1279.2020  1279.0748  1278.9646  1278.9201  1278.8637  1278.8570  1278.8260  1278.8350  1278.8126  1278.8255  1278.8053  1278.8202  1278.8023  1278.8196  1278.8030  1278.8204  1278.8040  1278.8227  1278.8082  1278.8278  1278.8131  1278.8326  1278.8187  1278.8385  1278.8235  1278.8441  1278.8322  1278.8566  1278.8525
   -0.8435   -0.2087  1279.4259  1279.1915  1279.0576  1278.9430  1278.8970  1278.8400  1278.8328  1278.8013  1278.8101  1278.7881  1278.8019  1278.7823  1278.7977  1278.7800  1278.7972  1278.7801  1278.7973  1278.7807  1278.7993  1278.7842  1278.8027  1278.7866  1278.8053  1278.7920  1278.8145  1278.8034  1278.8282  1278.8198  1278.8475  1278.8465
   -0.6025   -0.2087  1279.4297  1279.2018  1279.0752  1278.9669  1278.9232  1278.8675  1278.8606  1278.8312  1278.8418  1278.8221  1278.8362  1278.8164  1278.8306  1278.8124  1278.8290  1278.8122  1278.8282  1278.8111  1278.8286  1278.8137  1278.8318  1278.8154  1278.8327  1278.8182  1278.8376  1278.8241  1278.8454  1278.8349  1278.8602  1278.8572
   -0.3615   -0.2087  1279.4339  1279.2099  1279.0858  1278.9771  1278.9324  1278.8760  1278.8688  1278.8388  1278.8496  1278.8299  1278.8451  1278.8264  1278.8409  1278.8223  1278.8383  1278.8214  1278.8387  1278.8224  1278.8403  1278.8244  1278.8415  1278.8246  1278.8417  1278.8263  1278.8457  1278.8319  1278.8528  1278.8408  1278.8643  1278.8593
   -0.1205   -0.2087  1279.4299  1279.1996  1279.0716  1278.9630  1278.9204  1278.8666  1278.8602  1278.8289  1278.8371  1278.8141  1278.8266  1278.8065  1278.8209  1278.8029  1278.8206  1278.8052  1278.8221  1278.8040  1278.8202  1278.8053  1278.8259  1278.8117  1278.8293  1278.8135  1278.8329  1278.8187  1278.8386  1278.8268  1278.8516  1278.8490
    0.1205   -0.2087  1279.4305  1279.2025  1279.0742  1278.9626  1278.9172  1278.8624  1278.8567  1278.8264  1278.8341  1278.8118  1278.8249  1278.8061  1278.8208  1278.8020  1278.8178  1278.8018  1278.8209  1278.8068  1278.8250  1278.8087  1278.8260  1278.8112  1278.8304  1278.8161  1278.8346  1278.8202  1278.8408  1278.8296  1278.8550  1278.8533
    0.3615   -0.2087  1279.4326  1279.2089  1279.0846  1278.9758  1278.9298  1278.8728  1278.8661  1278.8380  1278.8500  1278.8314  1278.8462  1278.8282  1278.8436  1278.8262  1278.8419  1278.8233  1278.8376  1278.8197  1278.8372  1278.8231  1278.8414  1278.8256  1278.8434  1278.8293  1278.8492  1278.8353  1278.8548  1278.8420  1278.8647  1278.8594
    0.6025   -0.2087  1279.4301  1279.2009  1279.0745  1278.9668  1278.9262  1278.8724  1278.8675  1278.8380  1278.8479  1278.8254  1278.8364  1278.8140  1278.8281  1278.8108  1278.8309  1278.8158  1278.8324  1278.8128  1278.8276  1278.8099  1278.8278  1278.8112  1278.8292  1278.8151  1278.8371  1278.8251  1278.8476  1278.8362  1278.8610  1278.8575
    0.8435   -0.2087  1279.4273  1279.1934  1279.0598  1278.9453  1278.8997  1278.8423  1278.8336  1278.8002  1278.8081  1278.7862  1278.8012  1278.7825  1278.7978  1278.7787  1278.7952  1278.7784  1278.7972  1278.7817  1278.8008  1278.7855  1278.8045  1278.7892  1278.8093  1278.7963  1278.8175  1278.8037  1278.8258  1278.8159  1278.8440  1278.8443
    1.0845   -0.2087  1279.4293  1279.2004  1279.0720  1278.9613  1278.9166  1278.8610  1278.8541  1278.8236  1278.8330  1278.8127  1278.8274  1278.8088  1278.8237  1278.8055  1278.8216  1278.8052  1278.8233  1278.8081  1278.8267  1278.8108  1278.8273  1278.8099  1278.8270  1278.8127  1278.8332  1278.8212  1278.8441  1278.8341  1278.8594  1278.8561
    1.3255   -0.2087  1279.4289  1279.1965  1279.0611  1278.9422  1278.8903  1278.8295  1278.8202  1278.7891  1278.7994  1278.7797  1278.7955  1278.7773  1278.7932  1278.7754  1278.7920  1278.7751  1278.7925  1278.7770  1278.7963  1278.7823  1278.8020  1278.7877  1278.8080  1278.7952  1278.8168  1278.8051  1278.8296  1278.8223  1278.8510  1278.8510
    1.5665   -0.2087  1279.4416  1279.2258  1279.1061  1279.0007  1278.9562  1278.9020  1278.8957  1278.8667  1278.8748  1278.8535  1278.8655  1278.8468  1278.8613  1278.8451  1278.8618  1278.8467  1278.8638  1278.8487  1278.8658  1278.8508  1278.8676  1278.8521  1278.8679  1278.8517  1278.8673  1278.8515  1278.8686  1278.8545  1278.8738  1278.8645
   -1.4460   -0.4174  1279.4388  1279.2201  1279.0975  1278.9902  1278.9458  1278.8918  1278.8857  1278.8570  1278.8657  1278.8451  1278.8583  1278.8403  1278.8557  1278.8396  1278.8563  1278.8407  1278.8574  1278.8418  1278.8588  1278.8438  1278.8610  1278.8458  1278.8629  1278.8480  1278.8653  1278.8506  1278.8689  1278.8559  1278.8763  1278.8673
   -1.2050   -0.4174  1279.4282  1279.1955  1279.0648  1278.9448  1278.8932  1278.8328  1278.8237  1278.7922  1278.8015  1278.7803  1278.7947  1278.7754  1278.7906  1278.7725  1278.7894  1278.7734  1278.7916  1278.7758  1278.7945  1278.7799  1278.8005  1278.7872  1278.8075  1278.7941  1278.8147  1278.8022  1278.8254  1278.8172  1278.8467  1278.8473
   -0.9640   -0.4174  1279.4279  1279.1994  1279.0710  1278.9603  1278.9131  1278.8560  1278.8475  1278.8172  1278.8263  1278.8058  1278.8193  1278.8007  1278.8155  1278.7990  1278.8161  1278.8004  1278.8175  1278.8016  1278.8193  1278.8045  1278.8220  1278.8066  1278.8242  1278.8103  1278.8299  1278.8171  1278.8377  1278.8265  1278.8513  1278.8496
   -0.7230   -0.4174  1279.4275  1279.1946  1279.0617  1278.9479  1278.9022  1278.8466  1278.8413  1278.8115  1278.8206  1278.7970  1278.8082  1278.7864  1278.8008  1278.7834  1278.8013  1278.7849  1278.8014  1278.7835  1278.8009  1278.7860  1278.8060  1278.7919  1278.8121  1278.7984  1278.8186  1278.8042  1278.8255  1278.8156  1278.8428  1278.8430
   -0.4820   -0.4174  1279.4307  1279.2035  1279.0771  1278.9677  1278.9232  1278.8671  1278.8604  1278.8311  1278.8415  1278.8206  1278.8341  1278.8145  1278.8297  1278.8128  1278.8308  1278.8148  1278.8318  1278.8144  1278.8312  1278.8152  1278.8327  1278.8164  1278.8338  1278.8193  1278.8397  1278.8268  1278.8484  1278.8369  1278.8607  1278.8561
   -0.2410   -0.4174  1279.4279  1279.1965  1279.0649  1278.9500  1278.9009  1278.8404  1278.8306  1278.7989  1278.8093  1278.7898  1278.8051  1278.7860  1278.8000  1278.7801  1278.7954  1278.7777  1278.7949  1278.7791  1278.7990  1278.7861  1278.8068  1278.7917  1278.8095  1278.7941  1278.8146  1278.8024  1278.8263  1278.8184  1278.8468  1278.8474
    0.0000   -0.4174  1279.4341  1279.2103  1279.0866  1278.9792  1278.9367  1278.8824  1278.8762  1278.8453  1278.8533  1278.8303  1278.8427  1278.8226  1278.8372  1278.8190  1278.8357  1278.8191  1278.8376  1278.8225  1278.8419  1278.8268  1278.8445  1278.8282  1278.8464  1278.8320  1278.8506  1278.8345  1278.8531  1278.8391  1278.8618  1278.8561
    0.2410   -0.4174  1279.4271  1279.1931  1279.0604  1278.9476  1278.9023  1278.8456  1278.8373  1278.8049  1278.8124  1278.7891  1278.8015  1278.7812  1278.7965  1278.7793  1278.7977  1278.7822  1278.7992  1278.7818  1278.7996  1278.7856  1278.8070  1278.7932  1278.8113  1278.7964  1278.8169  1278.8051  1278.8283  1278.8189  1278.8463  1278.8461
    0.4820   -0.4174  1279.4307  1279.2030  1279.0754  1278.9658  1278.9224  1278.8678  1278.8619  1278.8319  1278.8409  1278.8188  1278.8321  1278.8124  1278.8281  1278.8115  1278.8294  1278.8130  1278.8292  1278.8112  1278.8275  1278.8113  1278.8291  1278.8135  1278.8325  1278.8187  1278.8386  1278.8247  1278.8467  1278.8365  1278.8616  1278.8571
    0.7230   -0.4174  1279.4256  1279.1921  1279.0600  1278.9464  1278.8980  1278.8385  1278.8294  1278.7991  1278.8106  1278.7918  1278.8072  1278.7881  1278.8021  1278.7828  1278.7984  1278.7812  1278.7982  1278.7826  1278.8021  1278.7890  1278.8087  1278.7930  1278.8106  1278.7965  1278.8184  1278.8072  1278.8300  1278.8204  1278.8471  1278.8465
    0.9640   -0.4174  1279.4283  1279.1991  1279.0695  1278.9564  1278.9088  1278.8517  1278.8462  1278.8183  1278.8298  1278.8096  1278.8231  1278.8025  1278.8163  1278.7977  1278.8138  1278.7968  1278.8138  1278.7976  1278.8159  1278.8006  1278.8186  1278.8029  1278.8218  1278.8077  1278.8275  1278.8145  1278.8371  1278.8264  1278.8519  1278.8499
    1.2050   -0.4174  1279.4262  1279.1949  1279.0623  1278.9477  1278.8971  1278.8380  1278.8276  1278.7948  1278.8004  1278.7770  1278.7883  1278.7693  1278.7845  1278.7686  1278.7861  1278.7717  1278.7900  1278.7757  1278.7940  1278.7805  1278.8002  1278.7881  1278.8087  1278.7968  1278.8166  1278.8038  1278.8240  1278.8146  1278.8428  1278.8443
    1.4460   -0.4174  1279.4391  1279.2199  1279.0970  1278.9902  1278.9467  1278.8925  1278.8848  1278.8539  1278.8607  1278.8389  1278.8516  1278.8334  1278.8490  1278.8330  1278.8503  1278.8352  1278.8523  1278.8371  1278.8539  1278.8385  1278.8548  1278.8390  1278.8558  1278.8412  1278.8591  1278.8452  1278.8641  1278.8513  1278.8715  1278.8623
   -1.3255   -0.6261  1279.4336  1279.2086  1279.0787  1278.9650  1278.9149  1278.8559  1278.8460  1278.8149  1278.8224  1278.8011  1278.8134  1278.7947  1278.8096  1278.7938  1278.8113  1278.7966  1278.8138  1278.7990  1278.8168  1278.8029  1278.8212  1278.8071  1278.8258  1278.8131  1278.8329  1278.8212  1278.8425  1278.8328  1278.8571  1278.8535
   -1.0845   -0.6261  1279.4286  1279.1971  1279.0642  1278.9476  1278.8975  1278.8388  1278.8312  1278.8006  1278.8100  1278.7884  1278.8026  1278.7837  1278.7993  1278.7818  1278.7990  1278.7827  1278.8005  1278.7841  1278.8022  1278.7870  1278.8064  1278.7924  1278.8123  1278.7987  1278.8191  1278.8060  1278.8285  1278.8191  1278.8474  1278.8480
   -0.8435   -0.6261  1279.4284  1279.1972  1279.0676  1278.9562  1278.9123  1278.8572  1278.8515  1278.8205  1278.8292  1278.8061  1278.8192  1278.7984  1278.8131  1278.7945  1278.8118  1278.7953  1278.8139  1278.7982  1278.8177  1278.8025  1278.8215  1278.8059  1278.8248  1278.8096  1278.8284  1278.8130  1278.8346  1278.8238  1278.8502  1278.8483
   -0.6025   -0.6261  1279.4272  1279.1938  1279.0611  1278.9461  1278.8983  1278.8396  1278.8318  1278.8003  1278.8100  1278.7891  1278.8039  1278.7843  1278.7987  1278.7793  1278.7957  1278.7790  1278.7976  1278.7820  1278.8013  1278.7866  1278.8058  1278.7899  1278.8078  1278.7929  1278.8139  1278.8014  1278.8251  1278.8162  1278.8448  1278.8460
   -0.3615   -0.6261  1279.4254  1279.1913  1279.0581  1278.9440  1278.8964  1278.8386  1278.8310  1278.8013  1278.8121  1278.7919  1278.8051  1278.7846  1278.7980  1278.7797  1278.7972  1278.7815  1278.7981  1278.7802  1278.7964  1278.7812  1278.8010  1278.7871  1278.8066  1278.7937  1278.8159  1278.8061  1278.8333  1278.8279  1278.8573  1278.8570
   -0.1205   -0.6261  1279.4311  1279.2031  1279.0746  1278.9638  1278.9209  1278.8668  1278.8625  1278.8328  1278.8417  1278.8186  1278.8305  1278.8095  1278.8246  1278.8079  1278.8266  1278.8108  1278.8280  1278.8102  1278.8274  1278.8109  1278.8288  1278.8125  1278.8317  1278.8182  1278.8388  1278.8253  1278.8474  1278.8363  1278.8611  1278.8570
    0.1205   -0.6261  1279.4332  1279.2074  1279.0811  1278.9706  1278.9253  1278.8688  1278.8614  1278.8309  1278.8415  1278.8213  1278.8362  1278.8170  1278.8315  1278.8128  1278.8291  1278.8119  1278.8285  1278.8114  1278.8295  1278.8148  1278.8341  1278.8189  1278.8375  1278.8228  1278.8424  1278.8279  1278.8488  1278.8374  1278.8612  1278.8565
    0.3615   -0.6261  1279.4250  1279.1904  1279.0565  1278.9402  1278.8906  1278.8326  1278.8267  1278.7977  1278.8083  1278.7876  1278.8018  1278.7825  1278.7969  1278.7778  1278.7941  1278.7782  1278.7975  1278.7828  1278.8012  1278.7856  1278.8040  1278.7892  1278.8084  1278.7942  1278.8153  1278.8052  1278.8333  1278.8274  1278.8564  1278.8561
    0.6025   -0.6261  1279.4258  1279.1915  1279.0591  1278.9464  1278.9016  1278.8456  1278.8380  1278.8062  1278.8140  1278.7912  1278.8041  1278.7839  1278.7979  1278.7787  1278.7947  1278.7777  1278.7952  1278.7788  1278.7970  1278.7823  1278.8022  1278.7882  1278.8083  1278.7955  1278.8171  1278.8044  1278.8265  1278.8166  1278.8442  1278.8445
    0.8435   -0.6261  1279.4289  1279.1999  1279.0700  1278.9575  1278.9106  1278.8541  1278.8467  1278.8164  1278.8251  1278.8042  1278.8184  1278.8004  1278.8162  1278.7992  1278.8160  1278.7996  1278.8166  1278.8002  1278.8179  1278.8032  1278.8218  1278.8069  1278.8244  1278.8093  1278.8276  1278.8140  1278.8360  1278.8274  1278.8544  1278.8529
    1.0845   -0.6261  1279.4263  1279.1938  1279.0610  1278.9471  1278.8995  1278.8426  1278.8349  1278.8030  1278.8101  1278.7877  1278.8012  1278.7831  1278.7987  1278.7814  1278.7976  1278.7812  1278.7984  1278.7826  1278.8004  1278.7855  1278.8044  1278.7907  1278.8103  1278.7968  1278.8176  1278.8063  1278.8296  1278.8212  1278.8495  1278.8499
    1.3255   -0.6261  1279.4332  1279.2070  1279.0771  1278.9633  1278.9133  1278.8540  1278.8440  1278.8119  1278.8188  1278.7967  1278.8093  1278.7906  1278.8056  1278.7891  1278.8059  1278.7906  1278.8080  1278.7930  1278.8109  1278.7961  1278.8142  1278.7996  1278.8186  1278.8056  1278.8251  1278.8125  1278.8340  1278.8245  1278.8503  1278.8473
   -1.2050   -0.8348  1279.4331  1279.2070  1279.0803  1278.9645  1278.9148  1278.8571  1278.8480  1278.8172  1278.8247  1278.8033  1278.8158  1278.7972  1278.8115  1278.7946  1278.8109  1278.7955  1278.8127  1278.7977  1278.8153  1278.8009  1278.8192  1278.8055  1278.8242  1278.8113  1278.8311  1278.8195  1278.8410  1278.8317  1278.8571  1278.8542
   -0.9640   -0.8348  1279.4280  1279.1958  1279.0612  1278.9420  1278.8901  1278.8296  1278.8206  1278.7884  1278.7964  1278.7734  1278.7867  1278.7676  1278.7848  1278.7695  1278.7892  1278.7740  1278.7921  1278.7760  1278.7952  1278.7812  1278.8011  1278.7867  1278.8070  1278.7942  1278.8164  1278.8045  1278.8282  1278.8198  1278.8488  1278.8489
   -0.7230   -0.8348  1279.4304  1279.2034  1279.0743  1278.9631  1278.9180  1278.8637  1278.8585  1278.8300  1278.8400  1278.8191  1278.8323  1278.8126  1278.8263  1278.8079  1278.8230  1278.8057  1278.8220  1278.8062  1278.8244  1278.8094  1278.8266  1278.8102  1278.8277  1278.8132  1278.8323  1278.8191  1278.8414  1278.8320  1278.8568  1278.8534
   -0.4820   -0.8348  1279.4284  1279.1987  1279.0687  1278.9556  1278.9077  1278.8490  1278.8401  1278.8075  1278.8147  1278.7920  1278.8054  1278.7872  1278.8039  1278.7877  1278.8054  1278.7889  1278.8063  1278.7901  1278.8087  1278.7943  1278.8131  1278.7980  1278.8166  1278.8024  1278.8230  1278.8109  1278.8340  1278.8241  1278.8505  1278.8494
   -0.2410   -0.8348  1279.4258  1279.1923  1279.0578  1278.9431  1278.8958  1278.8402  1278.8342  1278.8044  1278.8128  1278.7902  1278.8019  1278.7815  1278.7956  1278.7780  1278.7950  1278.7791  1278.7966  1278.7813  1278.7995  1278.7849  1278.8031  1278.7880  1278.8069  1278.7939  1278.8146  1278.8026  1278.8250  1278.8154  1278.8424  1278.8433
    0.0000   -0.8348  1279.4268  1279.1955  1279.0640  1278.9506  1278.9027  1278.8445  1278.8357  1278.8048  1278.8141  1278.7940  1278.8081  1278.7890  1278.8033  1278.7848  1278.8004  1278.7833  1278.7999  1278.7840  1278.8026  1278.7889  1278.8084  1278.7941  1278.8129  1278.7987  1278.8179  1278.8047  1278.8268  1278.8185  1278.8469  1278.8471
    0.2410   -0.8348  1279.4264  1279.1933  1279.0597  1278.9443  1278.8962  1278.8386  1278.8323  1278.8029  1278.8124  1278.7901  1278.8021  1278.7813  1278.7955  1278.7777  1278.7954  1278.7795  1278.7977  1278.7818  1278.8007  1278.7867  1278.8066  1278.7915  1278.8098  1278.7948  1278.8141  1278.8004  1278.8233  1278.8154  1278.8449  1278.8463
    0.4820   -0.8348  1279.4272  1279.1944  1279.0620  1278.9491  1278.9036  1278.8480  1278.8410  1278.8098  1278.8179  1278.7955  1278.8085  1278.7891  1278.8046  1278.7876  1278.8046  1278.7878  1278.8046  1278.7885  1278.8075  1278.7939  1278.8134  1278.7984  1278.8165  1278.8020  1278.8220  1278.8097  1278.8327  1278.8235  1278.8504  1278.8494
    0.7230   -0.8348  1279.4289  1279.2005  1279.0729  1278.9626  1278.9181  1278.8631  1278.8579  1278.8292  1278.8399  1278.8188  1278.8318  1278.8111  1278.8251  1278.8066  1278.8230  1278.8054  1278.8215  1278.8040  1278.8213  1278.8054  1278.8229  1278.8066  1278.8255  1278.8123  1278.8330  1278.8193  1278.8403  1278.8294  1278.8555  1278.8532
    0.9640   -0.8348  1279.4269  1279.1927  1279.0593  1278.9444  1278.8959  1278.8363  1278.8258  1278.7913  1278.7974  1278.7733  1278.7858  1278.7664  1278.7826  1278.7664  1278.7851  1278.7701  1278.7894  1278.7747  1278.7949  1278.7814  1278.8020  1278.7883  1278.8087  1278.7955  1278.8167  1278.8042  1278.8270  1278.8177  1278.8458  1278.8453
    1.2050   -0.8348  1279.4337  1279.2074  1279.0771  1278.9630  1278.9130  1278.8533  1278.8425  1278.8101  1278.8174  1278.7963  1278.8100  1278.7920  1278.8075  1278.7908  1278.8073  1278.7912  1278.8076  1278.7914  1278.8083  1278.7933  1278.8115  1278.7974  1278.8163  1278.8034  1278.8237  1278.8123  1278.8350  1278.8264  1278.8522  1278.8495
   -1.0845   -1.0436  1279.4387  1279.2201  1279.0982  1278.9910  1278.9456  1278.8905  1278.8839  1278.8558  1278.8661  1278.8471  1278.8611  1278.8432  1278.8579  1278.8409  1278.8569  1278.8406  1278.8570  1278.8413  1278.8584  1278.8437  1278.8612  1278.8459  1278.8626  1278.8473  1278.8647  1278.8506  1278.8695  1278.8570  1278.8781  1278.8693
   -0.8435   -1.0436  1279.4281  1279.1956  1279.0647  1278.9451  1278.8943  1278.8347  1278.8255  1278.7937  1278.8020  1278.7804  1278.7945  1278.7759  1278.7915  1278.7742  1278.7915  1278.7759  1278.7938  1278.7779  1278.7956  1278.7807  1278.8002  1278.7866  1278.8070  1278.7943  1278.8157  1278.8042  1278.8270  1278.8182  1278.8467  1278.8472
   -0.6025   -1.0436  1279.4267  1279.1942  1279.0631  1278.9477  1278.8980  1278.8379  1278.8298  1278.7985  1278.8085  1278.7868  1278.8010  1278.7816  1278.7984  1278.7819  1278.8007  1278.7842  1278.8012  1278.7835  1278.8017  1278.7868  1278.8072  1278.7928  1278.8128  1278.7988  1278.8199  1278.8074  1278.8313  1278.8219  1278.8497  1278.8483
   -0.3615   -1.0436  1279.4295  1279.2018  1279.0742  1278.9644  1278.9196  1278.8648  1278.8591  1278.8307  1278.8411  1278.8210  1278.8345  1278.8146  1278.8275  1278.8080  1278.8226  1278.8053  1278.8216  1278.8053  1278.8231  1278.8086  1278.8278  1278.8136  1278.8320  1278.8170  1278.8347  1278.8198  1278.8400  1278.8296  1278.8552  1278.8526
   -0.1205   -1.0436  1279.4283  1279.1998  1279.0726  1278.9620  1278.9165  1278.8589  1278.8504  1278.8182  1278.8271  1278.8060  1278.8211  1278.8024  1278.8180  1278.7997  1278.8164  1278.7994  1278.8169  1278.8003  1278.8182  1278.8020  1278.8201  1278.8038  1278.8220  1278.8078  1278.8285  1278.8154  1278.8371  1278.8257  1278.8511  1278.8488
    0.1205   -1.0436  1279.4270  1279.1957  1279.0658  1278.9541  1278.9093  1278.8539  1278.8485  1278.8189  1278.8284  1278.8066  1278.8196  1278.7999  1278.8153  1278.7980  1278.8155  1278.7988  1278.8152  1278.7976  1278.8151  1278.8003  1278.8200  1278.8051  1278.8234  1278.8084  1278.8281  1278.8145  1278.8359  1278.8253  1278.8519  1278.8507
    0.3615   -1.0436  1279.4303  1279.2016  1279.0730  1278.9617  1278.9165  1278.8616  1278.8565  1278.8276  1278.8374  1278.8160  1278.8292  1278.8089  1278.8227  1278.8033  1278.8187  1278.8015  1278.8194  1278.8046  1278.8244  1278.8104  1278.8294  1278.8140  1278.8321  1278.8170  1278.8358  1278.8217  1278.8429  1278.8323  1278.8579  1278.8552
    0.6025   -1.0436  1279.4275  1279.1950  1279.0621  1278.9466  1278.8976  1278.8390  1278.8303  1278.7977  1278.8055  1278.7836  1278.7989  1278.7814  1278.7986  1278.7819  1278.7991  1278.7825  1278.8001  1278.7841  1278.8023  1278.7866  1278.8051  1278.7901  1278.8104  1278.7977  1278.8200  1278.8087  1278.8325  1278.8233  1278.8504  1278.8491
    0.8435   -1.0436  1279.4284  1279.1964  1279.0609  1278.9414  1278.8877  1278.8260  1278.8165  1278.7863  1278.7974  1278.7795  1278.7965  1278.7805  1278.7977  1278.7811  1278.7976  1278.7797  1278.7951  1278.7771  1278.7937  1278.7784  1278.7977  1278.7843  1278.8049  1278.7930  1278.8151  1278.8049  1278.8300  1278.8239  1278.8539  1278.8547
    1.0845   -1.0436  1279.4399  1279.2222  1279.1002  1278.9930  1278.9473  1278.8919  1278.8846  1278.8552  1278.8640  1278.8437  1278.8570  1278.8391  1278.8539  1278.8372  1278.8527  1278.8360  1278.8513  1278.8348  1278.8510  1278.8355  1278.8521  1278.8366  1278.8537  1278.8392  1278.8571  1278.8431  1278.8619  1278.8495  1278.8706  1278.8625
   -0.9640   -1.2523  1279.4423  1279.2275  1279.1070  1279.0013  1278.9564  1278.9025  1278.8957  1278.8670  1278.8754  1278.8554  1278.8684  1278.8510  1278.8658  1278.8493  1278.8650  1278.8489  1278.8647  1278.8489  1278.8646  1278.8490  1278.8650  1278.8498  1278.8664  1278.8517  1278.8685  1278.8537  1278.8705  1278.8567  1278.8756  1278.8664
   -0.7230   -1.2523  1279.4312  1279.2031  1279.0722  1278.9576  1278.9071  1278.8471  1278.8370  1278.8048  1278.8126  1278.7908  1278.8037  1278.7846  1278.7996  1278.7829  1278.8005  1278.7858  1278.8046  1278.7904  1278.8099  1278.7965  1278.8158  1278.8016  1278.8202  1278.8062  1278.8261  1278.8137  1278.8355  1278.8261  1278.8524  1278.8500
   -0.4820   -1.2523  1279.4276  1279.1970  1279.0625  1278.9449  1278.8929  1278.8336  1278.8247  1278.7942  1278.8021  1278.7811  1278.7941  1278.7761  1278.7916  1278.7754  1278.7924  1278.7772  1278.7945  1278.7796  1278.7975  1278.7838  1278.8030  1278.7901  1278.8101  1278.7981  1278.8188  1278.8078  1278.8307  1278.8229  1278.8510  1278.8513
   -0.2410   -1.2523  1279.4272  1279.1932  1279.0584  1278.9405  1278.8895  1278.8286  1278.8193  1278.7868  1278.7965  1278.7757  1278.7917  1278.7739  1278.7907  1278.7736  1278.7910  1278.7741  1278.7919  1278.7756  1278.7945  1278.7794  1278.7993  1278.7854  1278.8063  1278.7930  1278.8137  1278.8011  1278.8257  1278.8184  1278.8488  1278.8492
    0.0000   -1.2523  1279.4272  1279.1956  1279.0629  1278.9495  1278.9019  1278.8448  1278.8359  1278.8044  1278.8121  1278.7905  1278.8031  1278.7838  1278.7981  1278.7808  1278.7973  1278.7816  1278.7987  1278.7833  1278.8010  1278.7862  1278.8040  1278.7890  1278.8075  1278.7947  1278.8154  1278.8038  1278.8262  1278.8178  1278.8452  1278.8454
    0.2410   -1.2523  1279.4277  1279.1951  1279.0604  1278.9412  1278.8875  1278.8251  1278.8148  1278.7823  1278.7911  1278.7702  1278.7858  1278.7684  1278.7851  1278.7681  1278.7855  1278.7699  1278.7894  1278.7755  1278.7954  1278.7812  1278.8006  1278.7863  1278.8064  1278.7930  1278.8141  1278.8023  1278.8263  1278.8180  1278.8470  1278.8475
    0.4820   -1.2523  1279.4281  1279.1954  1279.0604  1278.9436  1278.8937  1278.8352  1278.8274  1278.7965  1278.8048  1278.7824  1278.7946  1278.7748  1278.7899  1278.7731  1278.7910  1278.7755  1278.7933  1278.7774  1278.7955  1278.7810  1278.8006  1278.7869  1278.8069  1278.7943  1278.8155  1278.8038  1278.8273  1278.8195  1278.8476  1278.8476
    0.7230   -1.2523  1279.4309  1279.2020  1279.0713  1278.9574  1278.9090  1278.8505  1278.8412  1278.8085  1278.8152  1278.7922  1278.8050  1278.7857  1278.8010  1278.7838  1278.8010  1278.7854  1278.8035  1278.7885  1278.8073  1278.7931  1278.8123  1278.7982  1278.8176  1278.8038  1278.8236  1278.8107  1278.8328  1278.8233  1278.8503  1278.8485
    0.9640   -1.2523  1279.4417  1279.2261  1279.1063  1278.9999  1278.9530  1278.8953  1278.8847  1278.8534  1278.8614  1278.8420  1278.8571  1278.8411  1278.8576  1278.8419  1278.8582  1278.8420  1278.8576  1278.8414  1278.8574  1278.8419  1278.8584  1278.8428  1278.8595  1278.8451  1278.8631  1278.8494  1278.8671  1278.8528  1278.8714  1278.8608
   -0.6025   -1.4610  1279.4417  1279.2262  1279.1067  1279.0011  1278.9563  1278.9013  1278.8941  1278.8649  1278.8739  1278.8538  1278.8674  1278.8495  1278.8642  1278.8474  1278.8630  1278.8470  1278.8632  1278.8474  1278.8640  1278.8486  1278.8656  1278.8505  1278.8676  1278.8527  1278.8695  1278.8544  1278.8717  1278.8569  1278.8758  1278.8657
   -0.3615   -1.4610  1279.4400  1279.2211  1279.0992  1278.9926  1278.9479  1278.8920  1278.8836  1278.8525  1278.8607  1278.8397  1278.8534  1278.8352  1278.8506  1278.8339  1278.8501  1278.8340  1278.8507  1278.8351  1278.8525  1278.8374  1278.8545  1278.8392  1278.8566  1278.8419  1278.8597  1278.8446  1278.8624  1278.8481  1278.8678  1278.8588
   -0.1205   -1.4610  1279.4336  1279.2070  1279.0759  1278.9612  1278.9100  1278.8506  1278.8403  1278.8085  1278.8157  1278.7946  1278.8081  1278.7904  1278.8059  1278.7895  1278.8059  1278.7904  1278.8076  1278.7926  1278.8103  1278.7957  1278.8138  1278.8001  1278.8191  1278.8064  1278.8261  1278.8141  1278.8360  1278.8269  1278.8522  1278.8494
    0.1205   -1.4610  1279.4331  1279.2055  1279.0773  1278.9592  1278.9067  1278.8463  1278.8359  1278.8044  1278.8124  1278.7915  1278.8052  1278.7874  1278.8033  1278.7873  1278.8045  1278.7892  1278.8065  1278.7912  1278.8089  1278.7945  1278.8131  1278.7996  1278.8187  1278.8056  1278.8252  1278.8133  1278.8359  1278.8271  1278.8527  1278.8488
    0.3615   -1.4610  1279.4397  1279.2215  1279.0986  1278.9910  1278.9459  1278.8912  1278.8844  1278.8547  1278.8628  1278.8420  1278.8554  1278.8377  1278.8526  1278.8358  1278.8514  1278.8349  1278.8510  1278.8351  1278.8518  1278.8364  1278.8533  1278.8382  1278.8557  1278.8412  1278.8590  1278.8450  1278.8634  1278.8504  1278.8709  1278.8624
    0.6025   -1.4610  1279.4409  1279.2247  1279.1042  1278.9977  1278.9514  1278.8947  1278.8857  1278.8555  1278.8637  1278.8437  1278.8574  1278.8405  1278.8562  1278.8403  1278.8565  1278.8406  1278.8567  1278.8410  1278.8578  1278.8432  1278.8604  1278.8457  1278.8621  1278.8468  1278.8633  1278.8483  1278.8655  1278.8512  1278.8703  1278.8602
