        -0.6025         1.4610     89411.5227     86407.5332     83415.2473     80425.4188     77442.5357     74459.0488     71480.2912     68499.5985     65522.2060     62542.4243     59565.3146     56585.8445     53608.7206     50629.4134     47652.1937     44672.9983     41695.6299     38716.5525     35739.0646     32760.1379     29782.5614     26803.7716     23826.0868     20847.4262     17869.6018     14891.0476     11913.1017      8934.6703      5956.5962      2978.2608
        -0.3615         1.4610     89411.2131     86406.8808     83414.3645     80424.4571     77441.6869     74458.2681     71479.5638     68498.8281     65521.4185     62541.5102     59564.3006     56584.6798     53607.5204     50628.2060     47651.0804     44671.9807     41694.7606     38715.8106     35738.4815     32759.6524     29782.1468     26803.3837     23825.7508     20847.1387     17869.3922     14890.8872     11912.9951      8934.5940      5956.5508      2978.2404
        -0.1205         1.4610     89410.5070     86405.4345     83412.2194     80421.7472     77438.4948     74454.7762     71475.8607     68495.0176     65517.5726     62537.7858     59560.7892     56581.4523     53604.4997     50625.3772     47648.3870     44669.4959     41692.4792     38713.7486     35736.5910     32757.9318     29780.6169     26802.0766     23824.6455     20846.2224     17868.6372     14890.2940     11912.5526      8934.3094      5956.3992      2978.1907
         0.1205         1.4610     89410.5785     86405.4058     83412.1655     80421.6031     77438.3201     74454.4862     71475.5442     68494.6535     65517.2673     62537.4635     59560.4831     56581.0763     53604.1465     50625.0368     47648.1607     44669.3233     41692.3947     38713.6771     35736.5625     32757.9095     29780.6289     26802.0888     23824.6705     20846.2259     17868.6270     14890.2655     11912.5356      8934.2892      5956.3920      2978.1860
         0.3615         1.4610     89411.2732     86407.0858     83414.7282     80424.9003     77441.9748     74458.4532     71479.6433     68498.8770     65521.4699     62541.6374     59564.5103     56584.9985     53607.8508     50628.5301     47651.3149     44672.1563     41694.8403     38715.8244     35738.4103     32759.5351     29782.0183     26803.2866     23825.6745     20847.0921     17869.3532     14890.8656     11912.9752      8934.5800      5956.5401      2978.2368
         0.6025         1.4610     89411.4880     86407.5276     83415.2727     80425.4722     77442.5403     74458.9629     71480.1263     68499.3381     65521.9086     62542.0685     59564.9248     56585.3986     53608.2045     50628.8443     47651.5924     44672.4286     41695.1293     38716.1274     35738.7076     32759.8217     29782.2718     26803.5163     23825.8574     20847.2254     17869.4406     14890.9167     11913.0080      8934.6017      5956.5489      2978.2378
        -0.9640         1.2523     89411.6025     86407.6964     83415.5294     80425.7429     77442.7546     74459.1631     71480.3544     68499.6001     65522.1763     62542.3154     59565.1400     56585.6120     53608.4430     50629.1121     47651.8769     44672.7118     41695.4027     38716.4027     35739.0084     32760.1560     29782.6303     26803.8600     23826.1522     20847.4527     17869.6226     14891.0692     11913.1291      8934.6859      5956.5970      2978.2594
        -0.7230         1.2523     89410.4156     86405.0453     83411.5370     80420.6981     77437.2542     74453.2958     71474.4160     68493.6280     65516.4677     62536.8352     59559.9984     56580.6736     53603.8079     50624.7083     47647.8421     44668.9458     41691.9617     38713.1877     35736.0726     32757.4390     29780.1931     26801.6719     23824.3069     20845.9367     17868.4481     14890.1690     11912.4940      8934.2685      5956.3773      2978.1771
        -0.4820         1.2523     89409.8795     86404.1309     83410.7328     80419.4699     77435.7044     74451.5794     71472.5395     68491.7028     65514.4962     62534.9565     59558.2753     56579.1804     53602.4820     50623.5280     47646.6814     44667.8566     41690.9484     38712.3247     35735.3456     32756.8523     29779.7252     26801.3337     23824.0515     20845.7332     17868.2490     14889.9835     11912.3295      8934.1522      5956.3134      2978.1562
        -0.2410         1.2523     89409.8405     86403.9310     83410.1467     80419.2425     77435.7965     74451.8665     71473.0639     68492.3569     65515.2543     62535.6616     59558.8821     56579.6161     53602.8366     50623.7984     47646.9517     44668.0438     41691.0115     38712.2008     35735.0883     32756.5084     29779.3643     26800.9470     23823.6840     20845.4072     17868.0131     14889.8239     11912.2397      8934.0972      5956.2849      2978.1416
         0.0000         1.2523     89410.0164     86404.4609     83411.0023     80420.1853     77436.6343     74452.5838     71473.6559     68492.9136     65515.7925     62536.2335     59559.4619     56580.1967     53603.3674     50624.2454     47647.3176     44668.3347     41691.2843     38712.4823     35735.4108     32756.8696     29779.7499     26801.3240     23823.9906     20845.6125     17868.1058     14889.8464     11912.2300      8934.0823      5956.2751      2978.1419
         0.2410         1.2523     89409.6881     86403.7464     83410.2979     80419.0987     77435.5164     74451.6262     71472.8297     68492.1502     65514.9953     62535.3833     59558.5797     56579.3774     53602.6314     50623.6673     47646.8583     44668.0017     41691.0005     38712.1974     35735.0593     32756.4746     29779.3328     26800.9721     23823.7486     20845.5017     17868.1039     14889.9031     11912.2909      8934.1323      5956.3041      2978.1537
         0.4820         1.2523     89409.9652     86404.1603     83410.5625     80419.7152     77436.3402     74452.3150     71473.3018     68492.2558     65514.8822     62535.0599     59558.2268     56578.9444     53602.2428     50623.2718     47646.5656     44667.8007     41691.0078     38712.3967     35735.4833     32756.9731     29779.8343     26801.3529     23824.0208     20845.6491     17868.1750     14889.9024     11912.2750      8934.1054      5956.2871      2978.1436
         0.7230         1.2523     89410.3158     86405.0969     83411.6951     80420.8504     77437.1796     74453.1097     71474.1376     68493.4493     65516.3348     62536.8277     59560.0408     56580.7857     53603.9166     50624.8249     47647.8863     44668.9605     41691.9053     38713.1209     35735.9895     32757.3894     29780.1592     26801.6785     23824.3022     20845.9258     17868.4102     14890.1393     11912.4757      8934.2709      5956.3862      2978.1844
         0.9640         1.2523     89411.4829     86407.5471     83415.3122     80425.4510     77442.2965     74458.5175     71479.4822     68498.6891     65521.3183     62541.6305     59564.6053     56585.1899     53608.0743     50628.7900     47651.5767     44672.4612     41695.1591     38716.1724     35738.7545     32759.8901     29782.3526     26803.6025     23825.9352     20847.2991     17869.5022     14890.9734     11913.0422      8934.6229      5956.5594      2978.2413
        -1.0845         1.0436     89411.2141     86406.9354     83414.5185     80424.5958     77441.6186     74458.0282     71479.1949     68498.4070     65521.0365     62541.2441     59564.1693     56584.6916     53607.5832     50628.2908     47651.1324     44672.0143     41694.7634     38715.7920     35738.4324     32759.5977     29782.1050     26803.3735     23825.7428     20847.1282     17869.3762     14890.8747     11912.9810      8934.5832      5956.5449      2978.2390
        -0.8435         1.0436     89409.8907     86404.1800     83410.5852     80419.8159     77436.4203     74452.5182     71473.6091     68492.7139     65515.3404     62535.5092     59558.5567     56579.2529     53602.5253     50623.6224     47646.9295     44668.1695     41691.2652     38712.5526     35735.4824     32756.8979     29779.7120     26801.2490     23823.9360     20845.6009     17868.1330     14889.8817     11912.2459      8934.0832      5956.2704      2978.1361
        -0.6025         1.0436     89409.7455     86403.9531     83410.4895     80419.7840     77436.4103     74452.4686     71473.6496     68492.9439     65515.8449     62536.2023     59559.3661     56580.0319     53603.2191     50624.1332     47647.2615     44668.3217     41691.2971     38712.5160     35735.4593     32756.9076     29779.7724     26801.3188     23824.0025     20845.6422     17868.1746     14889.9121     11912.2673      8934.0853      5956.2642      2978.1326
        -0.3615         1.0436     89410.3376     86405.2361     83412.4308     80422.2112     77439.2720     74455.4405     71476.5422     68495.5807     65518.2465     62538.3480     59561.2944     56581.6944     53604.6539     50625.3891     47648.4810     44669.5341     41692.5539     38713.7376     35736.6476     32758.0062     29780.7613     26802.1501     23824.6681     20846.1428     17868.5361     14890.1517     11912.4448      8934.2054      5956.3290      2978.1512
        -0.1205         1.0436     89409.8575     86404.2261     83411.0015     80420.6202     77437.6741     74454.0785     71475.3902     68494.6161     65517.3270     62537.5171     59560.5842     56581.1827     53604.3113     50625.1850     47648.2734     44669.2902     41692.2293     38713.3704     35736.2037     32757.5122     29780.2367     26801.6970     23824.3368     20845.9386     17868.3989     14890.0588     11912.3598      8934.1431      5956.2988      2978.1470
         0.1205         1.0436     89410.0210     86404.6341     83411.6102     80421.2645     77438.2021     74454.2840     71475.3139     68494.3189     65517.0291     62537.2514     59560.3863     56581.0016     53604.1246     50624.9881     47648.1361     44669.2437     41692.2968     38713.5006     35736.3938     32757.7184     29780.4554     26801.8522     23824.4039     20845.9307     17868.3865     14890.0575     11912.3812      8934.1650      5956.3054      2978.1427
         0.3615         1.0436     89410.1321     86404.9183     83411.9610     80421.7698     77438.8975     74455.2785     71476.4782     68495.5722     65518.1629     62538.2387     59561.1780     56581.6688     53604.6669     50625.4601     47648.4822     44669.5187     41692.4932     38713.7089     35736.6000     32757.9536     29780.6808     26802.0959     23824.6538     20846.1752     17868.5603     14890.1626     11912.4137      8934.1695      5956.3029      2978.1439
         0.6025         1.0436     89409.7472     86404.0563     83410.7195     80420.2085     77436.8282     74452.9058     71473.8872     68493.0464     65515.7362     62536.0617     59559.1816     56579.8843     53603.0083     50623.9259     47647.0603     44668.2366     41691.3194     38712.6174     35735.5259     32756.9323     29779.7254     26801.2766     23823.9483     20845.6282     17868.1708     14889.9365     11912.2864      8934.1074      5956.2773      2978.1375
         0.8435         1.0436     89409.9939     86404.1098     83410.7629     80419.5327     77436.1661     74452.2771     71473.5147     68492.6686     65515.4539     62535.6961     59558.8873     56579.5434     53602.7480     50623.6160     47646.7613     44667.8607     41690.9988     38712.3329     35735.3804     32756.8236     29779.6688     26801.1890     23823.9028     20845.5592     17868.1123     14889.8434     11912.2301      8934.0810      5956.2808      2978.1427
         1.0845         1.0436     89411.3737     86407.1242     83414.6177     80424.5537     77441.5427     74457.8277     71478.9151     68498.0101     65520.5461     62540.6837     59563.6012     56584.1069     53607.0677     50627.8195     47650.7485     44671.6806     41694.4751     38715.5000     35738.1539     32759.3062     29781.8344     26803.1120     23825.5198     20846.9419     17869.2261     14890.7470     11912.8814      8934.5058      5956.4933      2978.2129
        -1.2050         0.8348     89410.5738     86405.5209     83412.3167     80421.8593     77438.5288     74454.7813     71475.8535     68495.0296     65517.5787     62537.7138     59560.5735     56581.1320     53604.1449     50625.0914     47648.2010     44669.3736     41692.3843     38713.6658     35736.5568     32757.9807     29780.7233     26802.2036     23824.7416     20846.2830     17868.6625     14890.3004     11912.5488      8934.3017      5956.3918      2978.1831
        -0.9640         0.8348     89409.8865     86404.0612     83410.6531     80419.4005     77435.7982     74451.7852     71472.8580     68492.0709     65514.8936     62535.2528     59558.4660     56579.2181     53602.4481     50623.4370     47646.6310     44667.8089     41690.9027     38712.2113     35735.1988     32756.6614     29779.5151     26801.0741     23823.7660     20845.4511     17868.0177     14889.8061     11912.2076      8934.0720      5956.2695      2978.1393
        -0.7230         0.8348     89410.2791     86405.0948     83412.0122     80421.5187     77438.3384     74454.4622     71475.6158     68494.8517     65517.7438     62538.0560     59561.1424     56581.6276     53604.6398     50625.4382     47648.5066     44669.5169     41692.4608     38713.6437     35736.5681     32757.9589     29780.7107     26802.1001     23824.6468     20846.1672     17868.5803     14890.2057     11912.4901      8934.2448      5956.3569      2978.1650
        -0.4820         0.8348     89409.9093     86404.3099     83411.0207     80420.5833     77437.5772     74453.9187     71475.0709     68494.1079     65516.5709     62536.5998     59559.5959     56580.2525     53603.4718     50624.4445     47647.6283     44668.7441     41691.7625     38712.9555     35735.8324     32757.2145     29780.0077     26801.5345     23824.1808     20845.8039     17868.2947     14889.9844     11912.3010      8934.1016      5956.2676      2978.1304
        -0.2410         0.8348     89409.8018     86403.9542     83410.3046     80419.6022     77436.3927     74452.6702     71473.8934     68493.1650     65515.9757     62536.2563     59559.3515     56579.9526     53603.0509     50623.9452     47647.0500     44668.1122     41691.0997     38712.3451     35735.3299     32756.8192     29779.6706     26801.1892     23823.8356     20845.4722     17868.0011     14889.7624     11912.1700      8934.0457      5956.2538      2978.1329
         0.0000         0.8348     89409.8237     86404.0055     83410.4791     80419.8562     77436.7297     74452.9267     71474.1438     68493.4422     65516.3903     62536.7876     59559.9536     56580.5602     53603.6431     50624.4839     47647.5673     44668.5587     41691.4796     38712.6119     35735.5143     32756.9281     29779.7525     26801.2618     23823.9283     20845.5933     17868.1440     14889.8860     11912.2603      8934.0979      5956.2830      2978.1416
         0.2410         0.8348     89409.8592     86404.1745     83410.5380     80419.6133     77436.1471     74452.1432     71473.2161     68492.3828     65515.2324     62535.6435     59558.9310     56579.7211     53602.9955     50623.9991     47647.2058     44668.3002     41691.2872     38712.4610     35735.3305     32756.6994     29779.4912     26801.0368     23823.7849     20845.5107     17868.0901     14889.8401     11912.2228      8934.0685      5956.2605      2978.1303
         0.4820         0.8348     89409.8217     86404.1382     83410.9919     80420.5298     77437.4461     74453.4492     71474.5486     68493.6879     65516.5368     62536.7660     59559.8661     56580.3761     53603.5167     50624.4043     47647.6417     44668.7544     41691.7943     38712.9491     35735.8644     32757.2200     29780.0181     26801.4546     23824.0848     20845.6843     17868.2036     14889.9044     11912.2693      8934.0910      5956.2755      2978.1382
         0.7230         0.8348     89410.0856     86404.7271     83411.7474     80421.4519     77438.4712     74454.7966     71476.0918     68495.2745     65517.9678     62538.0590     59560.9624     56581.3748     53604.3477     50625.1278     47648.2303     44669.3213     41692.3840     38713.6426     35736.5746     32757.9280     29780.6562     26802.0519     23824.6016     20846.1216     17868.5482     14890.1956     11912.4894      8934.2328      5956.3384      2978.1532
         0.9640         0.8348     89409.7636     86403.8632     83410.3389     80419.1311     77435.5461     74451.7410     71472.8995     68492.1964     65514.9633     62535.2853     59558.3956     56579.1302     53602.3165     50623.3594     47646.5409     44667.7648     41690.8510     38712.2150     35735.2098     32756.7151     29779.5638     26801.1522     23823.8567     20845.5545     17868.0879     14889.8472     11912.2157      8934.0758      5956.2671      2978.1372
         1.2050         0.8348     89410.5483     86405.4435     83412.1623     80421.5557     77438.0643     74454.1111     71475.0347     68494.1210     65516.6995     62536.9324     59559.9910     56580.6885     53603.8031     50624.7490     47647.8326     44668.9867     41692.0128     38713.3061     35736.2030     32757.6037     29780.3510     26801.8572     23824.4499     20846.0421     17868.4781     14890.1611     11912.4562      8934.2355      5956.3488      2978.1631
        -1.3255         0.6261     89410.6452     86405.5444     83412.2549     80421.5057     77437.8627     74453.6995     71474.5960     68493.8187     65516.7410     62537.2977     59560.6422     56581.4986     53604.7214     50625.6639     47648.6909     44669.6651     41692.4953     38713.5941     35736.3912     32757.7327     29780.4693     26801.9498     23824.5581     20846.1660     17868.6299     14890.3090     11912.5856      8934.3366      5956.4220      2978.2000
        -1.0845         0.6261     89409.7976     86403.9842     83410.8699     80419.8298     77436.5281     74452.6704     71473.9186     68493.1311     65515.9352     62536.1821     59559.3266     56579.9203     53603.0653     50623.9187     47647.0656     44668.1636     41691.2705     38712.5631     35735.5664     32756.9919     29779.8189     26801.3233     23823.9991     20845.6264     17868.1499     14889.8722     11912.2454      8934.0762      5956.2688      2978.1327
        -0.8435         0.6261     89409.9416     86404.5967     83411.9168     80421.2474     77438.0538     74454.2377     71475.4058     68494.6092     65517.3644     62537.6051     59560.6535     56581.1997     53604.2585     50625.0930     47648.1775     44669.2238     41692.1890     38713.3499     35736.2151     32757.5578     29780.3130     26801.7725     23824.3696     20845.9369     17868.3889     14890.0590     11912.3738      8934.1557      5956.3005      2978.1425
        -0.6025         0.6261     89409.6737     86403.7164     83410.3122     80419.8667     77436.7287     74452.9002     71474.0239     68493.1629     65515.9058     62536.1328     59559.1995     56579.7977     53602.8940     50623.8070     47647.0291     44668.2411     41691.3503     38712.5868     35735.4728     32756.8605     29779.6988     26801.2388     23823.8957     20845.5166     17868.0404     14889.7930     11912.1816      8934.0350      5956.2396      2978.1242
        -0.3615         0.6261     89409.8037     86403.9212     83410.2670     80419.6163     77436.5332     74452.7362     71473.8553     68493.0288     65515.8342     62536.1528     59559.2793     56579.8653     53602.9474     50623.8111     47646.9317     44668.0035     41691.0533     38712.3438     35735.3542     32756.8011     29779.5880     26801.0716     23823.7696     20845.4850     17868.0764     14889.8660     11912.3049      8934.1567      5956.3246      2978.1620
        -0.1205         0.6261     89410.3204     86405.1086     83412.2485     80421.9283     77438.8102     74454.9172     71476.1333     68495.4066     65518.3467     62538.6468     59561.7194     56582.2330     53605.2444     50626.0179     47649.1251     44670.1474     41693.0742     38714.1057     35736.8391     32758.0685     29780.7371     26802.0886     23824.6041     20846.1196     17868.5781     14890.2341     11912.5239      8934.2716      5956.3780      2978.1738
         0.1205         0.6261     89410.3461     86405.1528     83412.3001     80422.1706     77439.2981     74455.6054     71476.8633     68496.1139     65518.9142     62539.0737     59561.9627     56582.2582     53605.0754     50625.7298     47648.7208     44669.7374     41692.6857     38713.8380     35736.6894     32758.0131     29780.7459     26802.1398     23824.6684     20846.1612     17868.5652     14890.2030     11912.4977      8934.2502      5956.3537      2978.1631
         0.3615         0.6261     89409.7002     86403.7179     83410.0050     80419.3430     77436.1287     74452.5022     71473.8031     68493.0823     65515.8027     62536.0418     59559.1582     56579.8717     53603.0251     50623.9318     47647.0057     44668.0913     41691.1223     38712.4050     35735.3432     32756.7772     29779.5959     26801.1545     23823.8519     20845.5416     17868.0929     14889.8867     11912.3185      8934.1716      5956.3292      2978.1623
         0.6025         0.6261     89409.7598     86404.0263     83410.5918     80420.0264     77436.7694     74452.9203     71473.9450     68492.9680     65515.5285     62535.7561     59558.9465     56579.7273     53602.9296     50623.8148     47646.8554     44667.9173     41690.9907     38712.3570     35735.3984     32756.8826     29779.7179     26801.2695     23823.9589     20845.6220     17868.1376     14889.8742     11912.2384      8934.0711      5956.2568      2978.1302
         0.8435         0.6261     89410.0519     86404.6010     83411.5061     80421.1410     77437.9913     74454.0274     71474.9995     68494.0802     65516.8846     62537.2014     59560.3571     56580.9552     53604.0305     50624.8973     47648.0618     44669.2001     41692.2357     38713.3974     35736.2358     32757.5448     29780.2819     26801.7276     23824.3365     20845.9369     17868.4278     14890.1106     11912.4249      8934.1949      5956.3183      2978.1470
         1.0845         0.6261     89409.8440     86404.0640     83410.9946     80420.0703     77436.7522     74452.8141     71473.9949     68493.1751     65515.9392     62536.1321     59559.1462     56579.6989     53602.8720     50623.8447     47647.1064     44668.2625     41691.3389     38712.5923     35735.5814     32757.0429     29779.9082     26801.4219     23824.0689     20845.6761     17868.1896     14889.9077     11912.2605      8934.0787      5956.2692      2978.1374
         1.3255         0.6261     89410.5797     86405.4008     83412.0567     80421.4511     77438.1310     74454.2809     71475.2518     68494.3268     65516.9168     62537.1033     59560.1143     56580.6976     53603.7524     50624.6693     47647.7791     44668.9535     41692.0020     38713.3146     35736.2391     32757.6391     29780.3782     26801.8508     23824.4600     20846.0643     17868.4990     14890.1532     11912.4304      8934.2082      5956.3318      2978.1555
        -1.4460         0.4174     89411.3707     86407.2375     83414.8273     80424.9081     77441.9286     74458.3275     71479.4498     68498.6135     65521.1400     62541.2498     59564.0976     56584.5813     53607.4618     50628.1880     47651.0499     44671.9971     41694.8036     38715.8977     35738.5660     32759.7313     29782.2190     26803.4606     23825.7937     20847.1429     17869.3556     14890.8389     11912.9476      8934.5678      5956.5365      2978.2364
        -1.2050         0.4174     89409.8395     86404.0841     83410.3162     80419.3075     77435.6375     74451.6358     71472.8155     68492.1430     65514.9981     62535.3172     59558.3993     56579.0587     53602.2350     50623.2580     47646.4962     44667.7276     41690.8362     38712.1723     35735.1749     32756.6856     29779.5848     26801.1916     23823.8998     20845.5669     17868.0900     14889.8413     11912.2185      8934.0732      5956.2684      2978.1379
        -0.9640         0.4174     89410.0658     86404.5827     83411.4095     80421.0112     77438.0554     74454.3485     71475.5283     68494.5993     65517.2265     62537.3900     59560.4920     56581.1164     53604.2384     50625.0501     47648.0998     44669.1057     41692.0943     38713.2823     35736.1702     32757.5094     29780.2676     26801.7286     23824.3554     20845.9435     17868.4051     14890.0673     11912.3729      8934.1484      5956.2931      2978.1402
        -0.7230         0.4174     89409.8196     86404.0454     83410.4386     80419.7562     77436.5116     74452.6698     71473.7836     68492.9713     65515.7728     62536.1529     59559.4005     56580.2092     53603.5170     50624.5499     47647.6885     44668.6906     41691.5342     38712.6440     35735.5145     32756.9230     29779.7385     26801.2629     23823.9428     20845.6246     17868.1805     14889.9362     11912.2985      8934.1185      5956.2786      2978.1349
        -0.4820         0.4174     89410.2110     86404.7422     83411.6441     80421.3388     77438.5112     74454.8922     71476.2406     68495.4268     65518.1872     62538.4092     59561.5484     56582.1574     53605.2095     50625.9225     47648.9243     44669.9032     41692.8932     38714.0210     35736.8130     32758.0261     29780.6742     26802.0283     23824.5746     20846.1141     17868.5837     14890.2511     11912.5566      8934.2960      5956.3860      2978.1758
        -0.2410         0.4174     89409.8420     86404.2705     83411.0062     80420.5168     77437.2105     74453.4000     71474.4938     68493.5938     65516.1876     62536.3410     59559.3977     56580.0223     53603.0837     50623.8982     47646.9091     44668.0090     41691.0712     38712.4103     35735.4165     32756.9171     29779.8014     26801.3729     23824.0070     20845.6055     17868.1008     14889.8503     11912.2241      8934.0676      5956.2559      2978.1285
         0.0000         0.4174     89410.4965     86405.4065     83412.5809     80422.5755     77440.0627     74456.6778     71478.0041     68497.0835     65519.5733     62539.5629     59562.4758     56582.9979     53606.1111     50626.9488     47650.0137     44670.9221     41693.6849     38714.6092     35737.2533     32758.4172     29781.0401     26802.3793     23824.8929     20846.4089     17868.8092     14890.4046     11912.6367      8934.3325      5956.3945      2978.1764
         0.2410         0.4174     89409.8574     86403.8834     83410.3815     80419.7696     77436.5835     74452.7080     71473.7424     68492.8225     65515.5898     62535.8805     59559.1031     56579.8334     53603.0373     50623.9533     47647.1369     44668.2464     41691.3240     38712.5405     35735.4707     32756.8815     29779.7274     26801.2664     23823.9351     20845.5811     17868.1276     14889.8799     11912.2651      8934.1074      5956.2970      2978.1496
         0.4820         0.4174     89410.2949     86405.0629     83412.1769     80422.0243     77439.1393     74455.4671     71476.7200     68495.9786     65518.7664     62538.9269     59561.8595     56582.2784     53605.3093     50626.1484     47649.2644     44670.2701     41693.0845     38714.0635     35736.7893     32758.0508     29780.7759     26802.1716     23824.6936     20846.1925     17868.5982     14890.2291     11912.5090      8934.2541      5956.3578      2978.1642
         0.7230         0.4174     89409.9272     86404.3155     83410.8575     80420.1086     77436.8119     74453.0717     71474.5322     68494.0000     65516.8985     62537.0296     59559.8368     56580.1580     53603.1492     50624.0514     47647.2934     44668.4385     41691.4674     38712.6911     35735.6531     32757.1247     29779.9894     26801.4992     23824.1299     20845.7063     17868.1583     14889.8300     11912.1811      8934.0286      5956.2365      2978.1219
         0.9640         0.4174     89409.9864     86404.4395     83411.2198     80420.7807     77437.7609     74454.1037     71475.3508     68494.5301     65517.2864     62537.5233     59560.6493     56581.2290     53604.3036     50625.0966     47648.1628     44669.1797     41692.1883     38713.3729     35736.2563     32757.5672     29780.2753     26801.7016     23824.3160     20845.9166     17868.3967     14890.0772     11912.3964      8934.1730      5956.3099      2978.1434
         1.2050         0.4174     89409.9214     86404.0925     83410.7334     80419.5064     77435.9527     74451.9377     71473.0281     68492.1693     65514.9095     62535.2107     59558.4427     56579.2225     53602.4870     50623.4533     47646.6089     44667.7509     41690.8715     38712.2128     35735.2369     32756.6984     29779.5476     26801.1081     23823.8276     20845.5085     17868.0608     14889.8146     11912.2013      8934.0575      5956.2588      2978.1345
         1.4460         0.4174     89411.2303     86406.9884     83414.4387     80424.3545     77441.1582     74457.4339     71478.5038     68497.7283     65520.3880     62540.6896     59563.7205     56584.3348     53607.2874     50628.0225     47650.8399     44671.7206     41694.4287     38715.4667     35738.0798     32759.2367     29781.7378     26803.0209     23825.4255     20846.8499     17869.1267     14890.6780     11912.8475      8934.5066      5956.4997      2978.2178
        -1.5665         0.2087     89411.5639     86407.5818     83415.3042     80425.3657     77442.2913     74458.5487     71479.5479     68498.7260     65521.3628     62541.6314     59564.6095     56585.1640     53608.0555     50628.7655     47651.5649     44672.4114     41695.1117     38716.1050     35738.7261     32759.8817     29782.3658     26803.6129     23825.9492     20847.2993     17869.4950     14890.9479     11913.0198      8934.6030      5956.5454      2978.2345
        -1.3255         0.2087     89409.8933     86404.1085     83410.4456     80419.5138     77436.0766     74452.1189     71473.3082     68492.4850     65515.2692     62535.5743     59558.7786     56579.5350     53602.8151     50623.7924     47646.9838     44668.0814     41691.1111     38712.3404     35735.2630     32756.6678     29779.5126     26801.0820     23823.8275     20845.5383     17868.1276     14889.9065     11912.3023      8934.1361      5956.3074      2978.1502
        -1.0845         0.2087     89410.1020     86404.7865     83411.8492     80421.6297     77438.6441     74454.8937     71476.0668     68495.2505     65517.9942     62538.1693     59561.1285     56581.5575     53604.5184     50625.2669     47648.3280     44669.3808     41692.3964     38713.6177     35736.5213     32757.8701     29780.5973     26802.0119     23824.5859     20846.1430     17868.5792     14890.2119     11912.4777      8934.2214      5956.3386      2978.1573
        -0.8435         0.2087     89409.7201     86403.7602     83410.1246     80419.4672     77436.3638     74452.7730     71474.2220     68493.6533     65516.5213     62536.7141     59559.6299     56580.0157     53602.9784     50623.7917     47646.9391     44668.0806     41691.1437     38712.3985     35735.3626     32756.8179     29779.6774     26801.2007     23823.8424     20845.4626     17867.9894     14889.7507     11912.1628      8934.0364      5956.2480      2978.1283
        -0.6025         0.2087     89410.2629     86405.1220     83412.3742     80422.3724     77439.4341     74455.6972     71476.7730     68495.9090     65518.6254     62538.8482     59561.8350     56582.3026     53605.2238     50625.9731     47649.0013     44670.0494     41692.9927     38714.1200     35736.9067     32758.1934     29780.8629     26802.2332     23824.7231     20846.2189     17868.6275     14890.2724     11912.5383      8934.2713      5956.3632      2978.1666
        -0.3615         0.2087     89410.7491     86405.9248     83413.2432     80423.0205     77440.0577     74456.1808     71477.2329     68496.2833     65519.0305     62539.2342     59562.3065     56582.8021     53605.8220     50626.5660     47649.6186     44670.5896     41693.5013     38714.5771     35737.3675     32758.6027     29781.2432     26802.5367     23825.0140     20846.4779     17868.8405     14890.3899     11912.5982      8934.2952      5956.3777      2978.1725
        -0.1205         0.2087     89410.3475     86405.0099     83412.0080     80421.5842     77438.4265     74454.4633     71475.5889     68494.8024     65517.7329     62538.0819     59561.2362     56581.7913     53604.8407     50625.5925     47648.6482     44669.6223     41692.5310     38713.5869     35736.3954     32757.6988     29780.4600     26801.8912     23824.4683     20846.0200     17868.4931     14890.1581     11912.4495      8934.2010      5956.3269      2978.1542
         0.1205         0.2087     89410.4052     86405.2947     83412.3382     80422.0549     77438.9877     74455.2889     71476.4210     68495.5716     65518.2713     62538.4372     59561.3757     56581.8086     53604.6813     50625.4018     47648.3853     44669.4222     41692.3956     38713.6113     35736.4890     32757.8334     29780.5339     26801.9543     23824.5238     20846.0829     17868.5058     14890.1389     11912.4094      8934.1683      5956.2954      2978.1398
         0.3615         0.2087     89410.6277     86405.6069     83412.7162     80422.3468     77439.4340     74455.9207     71477.4675     68496.7838     65519.5427     62539.5944     59562.4823     56582.8928     53605.8841     50626.6443     47649.7293     44670.7063     41693.5942     38714.5864     35737.2870     32758.4457     29781.0801     26802.4201     23824.9389     20846.4272     17868.8171     14890.4040     11912.6426      8934.3340      5956.3990      2978.1793
         0.6025         0.2087     89410.2233     86404.9927     83412.1193     80421.9539     77438.9534     74455.1554     71476.2064     68495.2868     65518.0490     62538.4083     59561.6440     56582.3282     53605.3143     50625.9980     47648.9184     44669.9072     41692.8555     38713.9609     35736.6701     32757.8609     29780.5099     26801.9388     23824.5554     20846.1601     17868.6364     14890.3016     11912.5727      8934.3063      5956.3900      2978.1777
         0.8435         0.2087     89409.6738     86403.7968     83410.2999     80419.8169     77436.6716     74452.8999     71474.0555     68493.2442     65516.0262     62536.3183     59559.4596     56580.0888     53603.1437     50623.9240     47646.9332     44667.9977     41691.0620     38712.4142     35735.4369     32756.8981     29779.7066     26801.2005     23823.8456     20845.4898     17868.0265     14889.7869     11912.1774      8934.0308      5956.2321      2978.1204
         1.0845         0.2087     89410.2353     86405.0326     83411.7337     80421.2517     77438.2347     74454.6892     71475.9697     68495.2190     65517.9005     62538.1181     59561.1134     56581.7280     53604.8159     50625.7437     47648.8145     44669.8320     41692.6875     38713.7776     35736.5309     32757.8128     29780.4732     26801.8986     23824.4862     20846.0861     17868.5277     14890.1739     11912.4502      8934.2251      5956.3400      2978.1596
         1.3255         0.2087     89409.8045     86403.9060     83410.7122     80419.6997     77436.3031     74452.3500     71473.4478     68492.6177     65515.3765     62535.6132     59558.6855     56579.2492     53602.3643     50623.2761     47646.4905     44667.7289     41690.9290     38712.3360     35735.4203     32756.9360     29779.8215     26801.3527     23824.0074     20845.6206     17868.1304     14889.8670     11912.2419      8934.0812      5956.2714      2978.1360
         1.5665         0.2087     89411.5519     86407.5892     83415.2606     80425.3503     77442.2852     74458.5853     71479.5615     68498.6355     65521.0631     62541.1787     59564.0227     56584.5557     53607.4382     50628.1748     47651.0115     44671.9367     41694.7334     38715.8362     35738.5111     32759.7032     29782.1832     26803.4386     23825.7655     20847.1213     17869.3173     14890.7970     11912.8945      8934.5093      5956.4813      2978.2048
        -1.4460         0.0000     89410.3330     86405.0652     83411.6823     80420.8664     77437.1790     74453.1396     71474.2340     68493.6073     65516.4959     62536.9406     59560.0743     56580.7766     53603.9003     50624.8416     47647.9466     44669.0479     41692.0004     38713.1897     35736.0159     32757.3773     29780.1292     26801.6466     23824.2753     20845.9024     17868.3795     14890.1031     11912.4328      8934.2351      5956.3639      2978.1770
        -1.2050         0.0000     89410.0147     86404.3598     83410.8449     80419.9429     77436.5379     74452.5601     71473.7822     68493.0028     65515.8491     62536.1127     59559.2558     56579.8722     53603.0703     50624.0229     47647.2565     44668.3884     41691.4293     38712.6214     35735.5364     32756.9217     29779.7698     26801.2933     23823.9906     20845.6275     17868.1555     14889.8806     11912.2553      8934.0852      5956.2733      2978.1377
        -0.9640         0.0000     89410.0281     86404.4446     83410.9990     80420.3775     77437.1582     74453.3310     71474.4461     68493.5592     65516.2756     62536.5360     59559.6914     56580.3457     53603.4503     50624.2967     47647.3895     44668.4923     41691.5639     38712.8438     35735.7831     32757.1755     29779.9580     26801.4533     23824.1016     20845.7228     17868.2151     14889.9245     11912.2868      8934.1155      5956.2852      2978.1426
        -0.7230         0.0000     89409.7769     86403.9609     83410.4567     80419.7813     77436.5030     74452.6454     71473.8219     68493.0043     65515.7780     62536.0473     59559.1968     56579.8356     53602.9726     50623.8225     47646.9184     44668.0020     41691.0612     38712.3420     35735.3095     32756.7436     29779.6045     26801.1818     23823.9113     20845.5898     17868.1554     14889.9484     11912.3821      8934.2078      5956.3517      2978.1716
        -0.4820         0.0000     89409.8137     86403.9563     83410.4368     80419.9329     77436.9611     74453.2719     71474.3662     68493.3522     65515.8364     62535.9554     59559.0608     56579.8049     53603.0424     50623.9868     47647.1262     44668.2134     41691.2251     38712.4408     35735.3689     32756.8120     29779.6827     26801.2498     23823.9304     20845.5860     17868.1167     14889.8636     11912.2438      8934.0938      5956.2763      2978.1378
        -0.2410         0.0000     89410.2197     86404.8629     83411.8140     80421.3335     77438.1582     74454.3617     71475.5973     68494.8995     65517.7673     62538.0012     59561.0155     56581.4866     53604.5265     50625.3773     47648.5479     44669.6519     41692.6163     38713.7051     35736.4737     32757.7286     29780.4325     26801.8590     23824.4630     20846.0511     17868.5286     14890.1803     11912.4572      8934.2079      5956.3311      2978.1555
         0.0000         0.0000     89410.1834     86404.7316     83411.6524     80421.3394     77438.2699     74454.6447     71475.8491     68495.0627     65517.7497     62537.8355     59560.7337     56581.1825     53604.1734     50625.0179     47648.1734     44669.3224     41692.3218     38713.4613     35736.2698     32757.5958     29780.3585     26801.8006     23824.3397     20845.8803     17868.3270     14890.0058     11912.3174      8934.1217      5956.2886      2978.1454
         0.2410         0.0000     89410.3931     86405.1176     83412.1980     80422.0027     77439.0069     74455.1365     71476.0455     68495.0392     65517.7751     62538.0599     59561.1913     56581.7328     53604.6774     50625.3698     47648.3496     44669.3649     41692.3134     38713.4853     35736.3857     32757.7912     29780.5965     26802.0149     23824.5273     20846.0318     17868.4688     14890.1348     11912.4356      8934.2059      5956.3275      2978.1516
         0.4820         0.0000     89409.7330     86403.8621     83410.3595     80419.8332     77436.7422     74453.0331     71474.1196     68493.1282     65515.6520     62535.7458     59558.8092     56579.5055     53602.7134     50623.7026     47646.9027     44668.1120     41691.2628     38712.6239     35735.6344     32757.0793     29779.8752     26801.3498     23823.9587     20845.5767     17868.1011     14889.8626     11912.2492      8934.0963      5956.2790      2978.1391
         0.7230         0.0000     89409.8303     86404.1041     83410.5338     80419.7310     77436.3411     74452.4100     71473.5671     68492.8400     65515.7101     62536.0641     59559.2037     56579.8464     53603.0061     50623.9590     47647.1696     44668.3039     41691.2948     38712.4672     35735.3374     32756.7558     29779.6145     26801.1836     23823.8812     20845.5408     17868.0886     14889.8821     11912.3353      8934.1918      5956.3497      2978.1723
         0.9640         0.0000     89410.0644     86404.4372     83411.1685     80420.5972     77437.4292     74453.5186     71474.6682     68493.7818     65516.5728     62536.7602     59559.8955     56580.4890     53603.6848     50624.5963     47647.7640     44668.7899     41691.7370     38712.8313     35735.7128     32757.0802     29779.9227     26801.4374     23824.1198     20845.7443     17868.2627     14889.9643     11912.3192      8934.1213      5956.2879      2978.1402
         1.2050         0.0000     89409.7474     86404.0438     83410.9862     80420.0534     77436.7059     74452.8804     71474.0544     68493.1973     65515.8157     62535.9511     59558.9892     56579.6259     53602.8259     50623.8135     47647.0232     44668.2178     41691.3360     38712.6496     35735.6278     32757.0430     29779.8688     26801.4171     23824.1005     20845.7294     17868.2038     14889.9019     11912.2515      8934.0760      5956.2617      2978.1309
         1.4460         0.0000     89410.3219     86404.9171     83411.5232     80420.8698     77437.5573     74453.6857     71474.7322     68493.7450     65516.2922     62536.4180     59559.4340     56580.0886     53603.2680     50624.2555     47647.4393     44668.5852     41691.6455     38712.9314     35735.8677     32757.2718     29780.0359     26801.5282     23824.1729     20845.8033     17868.3029     14890.0200     11912.3524      8934.1517      5956.3006      2978.1412
        -1.5665        -0.2087     89411.5127     86407.5954     83415.3538     80425.5768     77442.5837     74458.9170     71479.9204     68499.0835     65521.6295     62541.8298     59564.7007     56585.2197     53608.0753     50628.7989     47651.6054     44672.4923     41695.1728     38716.1641     35738.7289     32759.8537     29782.3113     26803.5505     23825.8815     20847.2503     17869.4643     14890.9468     11913.0241      8934.6129      5956.5528      2978.2388
        -1.3255        -0.2087     89409.8497     86404.0459     83410.2923     80419.3536     77435.8202     74451.8058     71472.7978     68491.9070     65514.6068     62534.9323     59558.1425     56578.9611     53602.3065     50623.4376     47646.7445     44667.9828     41691.1051     38712.4454     35735.4471     32756.9200     29779.7476     26801.2952     23823.9757     20845.6461     17868.1742     14889.9214     11912.2945      8934.1341      5956.3060      2978.1514
        -1.0845        -0.2087     89410.1872     86404.9068     83411.9492     80421.6589     77438.6822     74454.9114     71476.1014     68495.2111     65517.9098     62538.0318     59561.0191     56581.5056     53604.5489     50625.3598     47648.4533     44669.4745     41692.4415     38713.5934     35736.4804     32757.8317     29780.5959     26802.0308     23824.6239     20846.1730     17868.6021     14890.2161     11912.4865      8934.2290      5956.3386      2978.1535
        -0.8435        -0.2087     89409.7307     86403.7578     83410.1244     80419.4415     77436.3993     74452.6517     71473.8829     68493.0465     65515.8236     62536.0694     59559.2148     56579.8334     53603.0107     50623.9137     47647.0857     44668.1684     41691.2084     38712.4407     35735.4122     32756.8291     29779.6407     26801.1225     23823.7914     20845.4623     17868.0539     14889.8338     11912.2449      8934.0872      5956.2695      2978.1308
        -0.6025        -0.2087     89410.1615     86404.8950     83411.9890     80421.8943     77438.9853     74455.2689     71476.4256     68495.6672     65518.4860     62538.7984     59561.8285     56582.3085     53605.2626     50626.0177     47649.0244     44669.9996     41692.8569     38713.9487     35736.7534     32758.0622     29780.7466     26802.1123     23824.6253     20846.1600     17868.5810     14890.2278     11912.5057      8934.2593      5956.3661      2978.1716
        -0.3615        -0.2087     89410.6338     86405.7771     83413.1187     80422.9407     77439.8990     74456.0795     71477.1734     68496.3345     65519.1343     62539.4196     59562.5128     56583.0324     53605.9726     50626.6574     47649.5957     44670.5251     41693.4146     38714.5051     35737.2843     32758.5114     29781.1188     26802.4267     23824.8997     20846.3758     17868.7661     14890.3754     11912.6195      8934.3267      5956.3974      2978.1796
        -0.1205        -0.2087     89410.1851     86404.6522     83411.6090     80421.4951     77438.7136     74455.1836     71476.3863     68495.4638     65518.0881     62538.1522     59561.1023     56581.5914     53604.5969     50625.3972     47648.5131     44669.6005     41692.5317     38713.5976     35736.3654     32757.7108     29780.5234     26801.9845     23824.5212     20846.0344     17868.4737     14890.1242     11912.4035      8934.1670      5956.3007      2978.1405
         0.1205        -0.2087     89410.2471     86404.9636     83411.8835     80421.4556     77438.3966     74454.7848     71476.0716     68495.2454     65517.8365     62537.9684     59560.9726     56581.5588     53604.5893     50625.3398     47648.3424     44669.4065     41692.4657     38713.7347     35736.5874     32757.8536     29780.5252     26801.9651     23824.5552     20846.1044     17868.5133     14890.1535     11912.4364      8934.1988      5956.3266      2978.1565
         0.3615        -0.2087     89410.4917     86405.6721     83412.9887     80422.8137     77439.6380     74455.7742     71476.9344     68496.2615     65519.1701     62539.5368     59562.5961     56583.1615     53606.1558     50626.9104     47649.8134     44670.6335     41693.3547     38714.3722     35737.1464     32758.4562     29781.1139     26802.4609     23824.9511     20846.4572     17868.8474     14890.4413     11912.6500      8934.3411      5956.4001      2978.1797
         0.6025        -0.2087     89410.2037     86404.7874     83411.9154     80421.8876     77439.2897     74455.7302     71477.0569     68496.2667     65518.9964     62539.0602     59561.8454     56582.1331     53605.0941     50625.9139     47649.1443     44670.2052     41693.0804     38714.0292     35736.7051     32757.9061     29780.5972     26801.9651     23824.5183     20846.0775     17868.5696     14890.2456     11912.5398      8934.2746      5956.3720      2978.1727
         0.8435        -0.2087     89409.8867     86403.9637     83410.3578     80419.6839     77436.6621     74452.8682     71473.9632     68492.9514     65515.6611     62535.9188     59559.1669     56579.8515     53603.0141     50623.8293     47646.9657     44668.0681     41691.2009     38712.4908     35735.4808     32756.8797     29779.7076     26801.2136     23823.9118     20845.5754     17868.1222     14889.8384     11912.2075      8934.0427      5956.2423      2978.1225
         1.0845        -0.2087     89410.1135     86404.7378     83411.6492     80421.3248     77438.3319     74454.6466     71475.8306     68495.0041     65517.7480     62538.0417     59561.1617     56581.7559     53604.7913     50625.5662     47648.5758     44669.6005     41692.5915     38713.7979     35736.6623     32757.9420     29780.5754     26801.9228     23824.4510     20846.0130     17868.4806     14890.1718     11912.4864      8934.2512      5956.3600      2978.1674
         1.3255        -0.2087     89410.0680     86404.3116     83410.4945     80419.3580     77435.7362     74451.6463     71472.7359     68491.9803     65514.9315     62535.4006     59558.7271     56579.4754     53602.6965     50623.6182     47646.7690     44667.8796     41690.9525     38712.2561     35735.2749     32756.7473     29779.6115     26801.1613     23823.8724     20845.5461     17868.1049     14889.8658     11912.2664      8934.1155      5956.2957      2978.1481
         1.5665        -0.2087     89411.4978     86407.5236     83415.2659     80425.3582     77442.2521     74458.5480     71479.6290     68498.7807     65521.2507     62541.3087     59564.0597     56584.5083     53607.3713     50628.1304     47651.0220     44671.9713     41694.7554     38715.8087     35738.4514     32759.6177     29782.1110     26803.3676     23825.6987     20847.0529     17869.2593     14890.7489     11912.8601      8934.4840      5956.4696      2978.1993
        -1.4460        -0.4174     89411.1900     86406.8970     83414.3540     80424.2818     77441.2207     74457.5769     71478.7233     68497.9292     65520.4891     62540.6365     59563.5121     56584.0347     53606.9820     50627.7735     47650.6911     44671.6333     41694.4136     38715.4662     35738.1320     32759.3253     29781.8597     26803.1541     23825.5466     20846.9545     17869.2140     14890.7313     11912.8645      8934.4998      5956.4882      2978.2102
        -1.2050        -0.4174     89409.9863     86404.1980     83410.8915     80419.6283     77436.0265     74451.9645     71473.0580     68492.2521     65515.1089     62535.4506     59558.6656     56579.3377     53602.5190     50623.4259     47646.6120     44667.7850     41690.9041     38712.1971     35735.1908     32756.6487     29779.5533     26801.1431     23823.8578     20845.5177     17868.0569     14889.8099     11912.2022      8934.0579      5956.2629      2978.1338
        -0.9640        -0.4174     89409.9561     86404.6289     83411.5455     80421.2210     77437.9945     74454.1704     71475.2260     68494.4412     65517.1824     62537.4941     59560.5434     56581.1658     53604.2296     50625.1458     47648.2399     44669.3263     41692.2868     38713.4774     35736.3249     32757.6799     29780.3756     26801.8106     23824.3653     20845.9492     17868.4046     14890.0935     11912.3893      8934.1639      5956.2985      2978.1427
        -0.7230        -0.4174     89409.9136     86404.1025     83410.5636     80419.9507     77436.9147     74453.2747     71474.6592     68493.9391     65516.7066     62536.7850     59559.6989     56580.1337     53603.2167     50624.1336     47647.3372     44668.4410     41691.4257     38712.5772     35735.4826     32756.9023     29779.7661     26801.3061     23823.9978     20845.6326     17868.1467     14889.8477     11912.2025      8934.0390      5956.2333      2978.1174
        -0.4820        -0.4174     89410.2752     86405.0791     83412.1898     80421.9755     77438.9842     74455.2270     71476.4119     68495.6620     65518.4590     62538.6785     59561.6738     56582.1656     53605.2047     50626.0407     47649.1380     44670.1524     41693.0497     38714.1101     35736.8712     32758.1267     29780.7835     26802.1441     23824.6608     20846.1901     17868.6287     14890.2786     11912.5522      8934.2832      5956.3698      2978.1674
        -0.2410        -0.4174     89409.9508     86404.3094     83410.9035     80420.1655     77436.7850     74452.6907     71473.6898     68492.8366     65515.7595     62536.2064     59559.4613     56580.1048     53603.1628     50623.9231     47646.9783     44668.0298     41691.0765     38712.3635     35735.3979     32756.9074     29779.7964     26801.2995     23823.9188     20845.5180     17868.0552     14889.8147     11912.2159      8934.0712      5956.2642      2978.1342
         0.0000        -0.4174     89410.6561     86405.8200     83413.2042     80423.1570     77440.3268     74456.6886     71477.8516     68496.9013     65519.4448     62539.4470     59562.3291     56582.7567     53605.7161     50626.4399     47649.4340     44670.3988     41693.3564     38714.5132     35737.3578     32758.6149     29781.2315     26802.5509     23825.0443     20846.5287     17868.8783     14890.4252     11912.6231      8934.3081      5956.3779      2978.1673
         0.2410        -0.4174     89409.8663     86403.9314     83410.4190     80419.9141     77436.9251     74453.1813     71474.2945     68493.3590     65516.0159     62536.1557     59559.1842     56579.7593     53602.9251     50623.8705     47647.1188     44668.2835     41691.3105     38712.4968     35735.4239     32756.8875     29779.8047     26801.3503     23823.9746     20845.5780     17868.1086     14889.8653     11912.2466      8934.0771      5956.2604      2978.1294
         0.4820        -0.4174     89410.2715     86405.0191     83412.0155     80421.7807     77438.9085     74455.2999     71476.5506     68495.7278     65518.4090     62538.5341     59561.5154     56582.0177     53605.0930     50625.9545     47649.0534     44670.0454     41692.9092     38713.9495     35736.7025     32757.9621     29780.6450     26802.0459     23824.6197     20846.1747     17868.6032     14890.2392     11912.5264      8934.2781      5956.3766      2978.1710
         0.7230        -0.4174     89409.6913     86403.8286     83410.3747     80419.7916     77436.5015     74452.5079     71473.5751     68492.8565     65515.8665     62536.3720     59559.6194     56580.2546     53603.3059     50624.0950     47647.1599     44668.2296     41691.2569     38712.5331     35735.5392     32757.0268     29779.8694     26801.3431     23823.9528     20845.5820     17868.1431     14889.9058     11912.2718      8934.0945      5956.2664      2978.1307
         0.9640        -0.4174     89410.0017     86404.5911     83411.3878     80420.8176     77437.5662     74453.7611     71475.1148     68494.5356     65517.4795     62537.7980     59560.8307     56581.3006     53604.2861     50625.0595     47648.1015     44669.1207     41692.0880     38713.2802     35736.1697     32757.5141     29780.2432     26801.6817     23824.2928     20845.8807     17868.3514     14890.0442     11912.3794      8934.1627      5956.3024      2978.1438
         1.2050        -0.4174     89409.7649     86404.1379     83410.6228     80419.9219     77436.4054     74452.4647     71473.4106     68492.4807     65515.0106     62535.1810     59558.1823     56578.8980     53602.1014     50623.1747     47646.4122     44667.6871     41690.8162     38712.1921     35735.1705     32756.6702     29779.5426     26801.1728     23823.8948     20845.5902     17868.1017     14889.8403     11912.1798      8934.0276      5956.2330      2978.1225
         1.4460        -0.4174     89411.2246     86406.8722     83414.3051     80424.2899     77441.3080     74457.6505     71478.6392     68497.6599     65520.0705     62540.1410     59563.0074     56583.5398     53606.5271     50627.3523     47650.3215     44671.3158     41694.1412     38715.2356     35737.9097     32759.1028     29781.6246     26802.9190     23825.3294     20846.7729     17869.0733     14890.6289     11912.7911      8934.4475      5956.4522      2978.1909
        -1.3255        -0.6261     89410.6010     86405.6343     83412.3679     80421.7057     77438.1714     74454.1611     71475.0976     68494.2362     65516.8574     62537.1132     59560.0953     56580.7350     53603.8256     50624.8106     47647.9451     44669.1103     41692.0881     38713.3482     35736.2127     32757.6106     29780.3441     26801.8269     23824.4158     20846.0236     17868.4750     14890.1728     11912.4623      8934.2360      5956.3424      2978.1575
        -1.0845        -0.6261     89410.0378     86404.3760     83410.8190     80419.9203     77436.4482     74452.5326     71473.7417     68492.9892     65515.8149     62536.1001     59559.2678     56579.9358     53603.1171     50624.0308     47647.1955     44668.3133     41691.3758     38712.6111     35735.5451     32756.9454     29779.7804     26801.3207     23824.0027     20845.6405     17868.1579     14889.8830     11912.2482      8934.0796      5956.2681      2978.1366
        -0.8435        -0.6261     89410.0101     86404.3835     83411.1843     80420.8019     77437.9141     74454.2913     71475.5953     68494.7283     65517.4278     62537.5155     59560.5355     56581.0047     53604.0609     50624.8565     47647.9745     44669.0338     41692.0938     38713.3089     35736.2519     32757.5965     29780.3553     26801.7834     23824.3840     20845.9325     17868.3717     14890.0150     11912.3412      8934.1329      5956.2900      2978.1377
        -0.6025        -0.6261     89409.8805     86404.0163     83410.4905     80419.7604     77436.5232     74452.6147     71473.7923     68492.9582     65515.8213     62536.1532     59559.3661     56579.9833     53603.0754     50623.8694     47646.9938     44668.1049     41691.2233     38712.5036     35735.5043     32756.9266     29779.7589     26801.2351     23823.8682     20845.4846     17868.0391     14889.7955     11912.1977      8934.0459      5956.2487      2978.1287
        -0.3615        -0.6261     89409.6707     86403.7397     83410.1723     80419.5439     77436.3362     74452.5174     71473.7233     68493.0430     65515.9950     62536.3740     59559.4612     56580.0044     53603.0303     50623.8979     47647.0884     44668.2435     41691.2501     38712.4134     35735.2802     32756.7024     29779.5761     26801.1394     23823.8310     20845.5077     17868.0847     14889.8846     11912.3221      8934.1793      5956.3435      2978.1709
        -0.1205        -0.6261     89410.3207     86405.0343     83411.9249     80421.5819     77438.7637     74455.2049     71476.6023     68495.8040     65518.4719     62538.5146     59561.3952     56581.8097     53604.8549     50625.7230     47648.8823     44669.9225     41692.8465     38713.9023     35736.6972     32757.9479     29780.6319     26802.0126     23824.5950     20846.1606     17868.6095     14890.2495     11912.5363      8934.2753      5956.3727      2978.1709
         0.1205        -0.6261     89410.5498     86405.5044     83412.6166     80422.2795     77439.1977     74455.3931     71476.5006     68495.6433     65518.4551     62538.7318     59561.8298     56582.3479     53605.3228     50626.0427     47649.0343     44669.9826     41692.8720     38713.9616     35736.7929     32758.1084     29780.8372     26802.2307     23824.7712     20846.2846     17868.6912     14890.2993     11912.5574      8934.2887      5956.3734      2978.1690
         0.3615        -0.6261     89409.6317     86403.6364     83410.0055     80419.1604     77435.7678     74451.9472     71473.3274     68492.7351     65515.6727     62536.0348     59559.2110     56579.8546     53602.9522     50623.7714     47646.9008     44668.0568     41691.2190     38712.5442     35735.4966     32756.8876     29779.6869     26801.2122     23823.8849     20845.5204     17868.0706     14889.8676     11912.3226      8934.1742      5956.3369      2978.1673
         0.6025        -0.6261     89409.7137     86403.7592     83410.2784     80419.7908     77436.8547     74453.1793     71474.3638     68493.4735     65516.1550     62536.3226     59559.3886     56579.9535     53603.0199     50623.8325     47646.9368     44668.0290     41691.0946     38712.3444     35735.3055     32756.7492     29779.6210     26801.1765     23823.8811     20845.5542     17868.1117     14889.8528     11912.2189      8934.0510      5956.2442      2978.1233
         0.8435        -0.6261     89410.0713     86404.6863     83411.4363     80420.9300     77437.7467     74453.9922     71475.1584     68494.3714     65517.0852     62537.3653     59560.4779     56581.1454     53604.2740     50625.1591     47648.2344     44669.2794     41692.2376     38713.4088     35736.2635     32757.6258     29780.3676     26801.8176     23824.3739     20845.9226     17868.3522     14890.0343     11912.3634      8934.1742      5956.3214      2978.1551
         1.0845        -0.6261     89409.7790     86404.0124     83410.4868     80419.8628     77436.6413     74452.8941     71474.0819     68493.1920     65515.8223     62536.0421     59559.1664     56579.8920     53603.0758     50624.0041     47647.1129     44668.2271     41691.2645     38712.5360     35735.4618     32756.8804     29779.7049     26801.2620     23823.9429     20845.5909     17868.1247     14889.8886     11912.2656      8934.1037      5956.2844      2978.1438
         1.3255        -0.6261     89410.5501     86405.4630     83412.1896     80421.5275     77438.0068     74453.9796     71474.9105     68493.9754     65516.5563     62536.7620     59559.7832     56580.4355     53603.5509     50624.5025     47647.6202     44668.7665     41691.7772     38713.0513     35735.9402     32757.3277     29780.0758     26801.5703     23824.1948     20845.8244     17868.2965     14890.0068     11912.3320      8934.1412      5956.2907      2978.1337
        -1.2050        -0.8348     89410.5434     86405.4555     83412.5283     80421.6455     77438.1538     74454.2743     71475.2778     68494.4432     65517.0540     62537.2925     59560.2781     56580.9144     53603.9549     50624.8631     47647.9218     44669.0457     41692.0294     38713.2841     35736.1447     32757.5283     29780.2675     26801.7698     23824.3667     20845.9767     17868.4328     14890.1394     11912.4400      8934.2229      5956.3426      2978.1603
        -0.9640        -0.8348     89409.9664     86404.2362     83410.5020     80419.3430     77435.7192     74451.6584     71472.7743     68491.9137     65514.6765     62534.8959     59558.0603     56578.7714     53602.1245     50623.2369     47646.5966     44667.8148     41690.9275     38712.2083     35735.2220     32756.6993     29779.5797     26801.1266     23823.8427     20845.5197     17868.0957     14889.8544     11912.2437      8934.0877      5956.2789      2978.1399
        -0.7230        -0.8348     89410.2364     86405.0618     83411.9014     80421.5083     77438.4755     74454.9065     71476.2375     68495.5603     65518.3305     62538.5569     59561.5358     56582.0279     53604.9681     50625.7219     47648.6592     44669.6298     41692.5241     38713.7062     35736.5579     32757.8834     29780.5483     26801.9333     23824.4741     20846.0269     17868.4604     14890.1327     11912.4459      8934.2266      5956.3401      2978.1572
        -0.4820        -0.8348     89410.0083     86404.5513     83411.3056     80420.7342     77437.4590     74453.5098     71474.5526     68493.5892     65516.2087     62536.3853     59559.4839     56580.1883     53603.4302     50624.4131     47647.5877     44668.6686     41691.6869     38712.9070     35735.8436     32757.2519     29780.0369     26801.5145     23824.1340     20845.7401     17868.2473     14889.9763     11912.3322      8934.1366      5956.2924      2978.1420
        -0.2410        -0.8348     89409.7225     86403.8456     83410.1421     80419.4575     77436.2843     74452.6716     71474.0112     68493.3226     65516.0562     62536.2441     59559.2186     56579.7775     53602.8626     50623.7859     47646.9512     44668.1087     41691.1716     38712.4721     35735.4208     32756.8565     29779.6539     26801.1713     23823.8396     20845.5122     17868.0562     14889.8185     11912.1948      8934.0368      5956.2304      2978.1186
         0.0000        -0.8348     89409.8309     86404.2023     83410.8082     80420.2271     77436.9636     74453.0768     71474.1503     68493.3556     65516.1656     62536.5446     59559.6866     56580.3244     53603.3882     50624.2232     47647.2849     44668.3489     41691.3475     38712.6053     35735.5629     32757.0236     29779.8555     26801.3808     23824.0223     20845.6405     17868.1321     14889.8577     11912.2233      8934.0725      5956.2643      2978.1332
         0.2410        -0.8348     89409.7865     86403.9611     83410.3476     80419.5741     77436.3186     74452.5206     71473.8409     68493.1832     65516.0165     62536.2351     59559.2348     56579.7618     53602.8563     50623.7664     47646.9774     44668.1333     41691.2270     38712.4941     35735.4756     32756.9339     29779.7862     26801.2925     23823.9274     20845.5359     17868.0438     14889.7760     11912.1699      8934.0365      5956.2492      2978.1301
         0.4820        -0.8348     89409.8799     86404.0832     83410.5881     80420.0717     77437.0530     74453.4118     71474.6347     68493.7955     65516.4792     62536.6640     59559.7206     56580.3309     53603.4795     50624.4066     47647.5370     44668.6069     41691.5946     38712.8259     35735.7868     32757.2343     29780.0459     26801.5268     23824.1324     20845.7274     17868.2252     14889.9526     11912.3130      8934.1296      5956.2912      2978.1418
         0.7230        -0.8348     89410.0706     86404.7466     83411.7450     80421.4570     77438.4835     74454.8498     71476.1765     68495.4923     65518.3230     62538.5312     59561.4961     56581.9201     53604.8837     50625.6402     47648.6600     44669.6144     41692.4961     38713.5931     35736.4172     32757.7168     29780.4096     26801.8086     23824.4069     20846.0044     17868.4752     14890.1353     11912.4289      8934.1964      5956.3302      2978.1562
         0.9640        -0.8348     89409.8447     86403.8943     83410.3021     80419.5912     77436.2928     74452.2980     71473.2507     68492.1736     65514.7643     62534.8868     59557.9912     56578.6815     53601.9735     50623.0338     47646.3465     44667.5942     41690.7833     38712.1445     35735.2091     32756.7097     29779.6118     26801.1812     23823.8937     20845.5553     17868.1031     14889.8475     11912.2258      8934.0629      5956.2562      2978.1263
         1.2050        -0.8348     89410.6149     86405.5077     83412.1917     80421.4961     77437.9769     74453.9133     71474.7737     68493.8192     65516.4408     62536.7296     59559.8321     56580.5421     53603.6801     50624.6181     47647.7056     44668.7993     41691.7555     38712.9699     35735.8225     32757.2092     29779.9728     26801.4919     23824.1263     20845.7651     17868.2646     14890.0025     11912.3482      8934.1628      5956.3054      2978.1424
        -1.0845        -1.0436     89411.1695     86406.8928     83414.4316     80424.3640     77441.2024     74457.4540     71478.5542     68497.8201     65520.5196     62540.7953     59563.7254     56584.2496     53607.1382     50627.8635     47650.7235     44671.6257     41694.3886     38715.4405     35738.1149     32759.3212     29781.8659     26803.1559     23825.5364     20846.9366     17869.2016     14890.7329     11912.8736      8934.5124      5956.5019      2978.2176
        -0.8435        -1.0436     89409.9804     86404.2052     83410.8747     80419.6643     77436.1319     74452.1469     71473.2189     68492.3779     65515.1436     62535.4599     59558.6532     56579.3729     53602.5803     50623.5417     47646.7397     44667.9244     41691.0192     38712.3006     35735.2406     32756.6788     29779.5420     26801.1213     23823.8416     20845.5229     17868.0817     14889.8476     11912.2266      8934.0694      5956.2629      2978.1336
        -0.6025        -1.0436     89409.8241     86404.0582     83410.7055     80419.9214     77436.4953     74452.4466     71473.6081     68492.8007     65515.6962     62535.9718     59559.1507     56579.7872     53603.0530     50624.0379     47647.3019     44668.3981     41691.4138     38712.5770     35735.5216     32756.9349     29779.8100     26801.3351     23824.0203     20845.6439     17868.1775     14889.9099     11912.2921      8934.1108      5956.2861      2978.1378
        -0.3615        -1.0436     89410.1337     86404.8914     83411.8857     80421.6410     77438.6282     74455.0137     71476.2925     68495.6237     65518.4265     62538.7081     59561.7026     56582.1731     53605.0526     50625.7298     47648.6385     44669.6097     41692.5038     38713.6609     35736.4993     32757.8507     29780.5943     26802.0484     23824.6046     20846.1297     17868.5152     14890.1459     11912.4237      8934.1998      5956.3277      2978.1539
        -0.1205        -1.0436     89410.0025     86404.6661     83411.7129     80421.3974     77438.3306     74454.4471     71475.4925     68494.5318     65517.2521     62537.5092     59560.6778     56581.2958     53604.4030     50625.1907     47648.2560     44669.2728     41692.2549     38713.4131     35736.2745     32757.5757     29780.3017     26801.7116     23824.3007     20845.8823     17868.3728     14890.0608     11912.3794      8934.1551      5956.2968      2978.1396
         0.1205        -1.0436     89409.8532     86404.2168     83410.9894     80420.5804     77437.6161     74453.9745     71475.3171     68494.5878     65517.3592     62537.5520     59560.5693     56581.1087     53604.2166     50625.0827     47648.2031     44669.2383     41692.1629     38713.2795     35736.1350     32757.5040     29780.2998     26801.7564     23824.3424     20845.8991     17868.3641     14890.0435     11912.3610      8934.1503      5956.3030      2978.1468
         0.3615        -1.0436     89410.2232     86404.8692     83411.7626     80421.3630     77438.3264     74454.7104     71476.0494     68495.3488     65518.1149     62538.3079     59561.2977     56581.7653     53604.7246     50625.4247     47648.4009     44669.3873     41692.3861     38713.6271     35736.5596     32757.9266     29780.6556     26802.0636     23824.6087     20846.1286     17868.5394     14890.1808     11912.4682      8934.2307      5956.3486      2978.1638
         0.6025        -1.0436     89409.9113     86404.1454     83410.6032     80419.8093     77436.4618     74452.5543     71473.6566     68492.7297     65515.4403     62535.7111     59558.9858     56579.7716     53603.0713     50624.0391     47647.2018     44668.3046     41691.3557     38712.6077     35735.5494     32756.9290     29779.7303     26801.2429     23823.9456     20845.6139     17868.1786     14889.9345     11912.3105      8934.1273      5956.2910      2978.1406
         0.8435        -1.0436     89410.0111     86404.2963     83410.4774     80419.2841     77435.4759     74451.3143     71472.3992     68491.7344     65514.7645     62535.3817     59558.8025     56579.7061     53603.0069     50623.9866     47647.1088     44668.1457     41691.0865     38712.2596     35735.1540     32756.5818     29779.4472     26801.0425     23823.7795     20845.4896     17868.0671     14889.8616     11912.2720      8934.1340      5956.3180      2978.1620
         1.0845        -1.0436     89411.3105     86407.1301     83414.6480     80424.5743     77441.3726     74457.5945     71478.6182     68497.7735     65520.3436     62540.5259     59563.4169     56583.9529     53606.8618     50627.6236     47650.4716     44671.3597     41694.0873     38715.1231     35737.7764     32758.9795     29781.5213     26802.8377     23825.2646     20846.7208     17869.0264     14890.5896     11912.7570      8934.4264      5956.4453      2978.1918
        -0.9640        -1.2523     89411.5828     86407.7019     83415.3674     80425.4187     77442.2746     74458.5968     71479.6318     68498.8003     65521.2946     62541.4549     59564.2857     56584.8096     53607.6759     50628.4057     47651.2168     44672.0984     41694.8003     38715.8168     35738.3962     32759.5438     29782.0104     26803.2900     23825.6524     20847.0548     17869.2874     14890.7906     11912.8883      8934.5083      5956.4832      2978.2065
        -0.7230        -1.2523     89410.3306     86405.0286     83411.6745     80420.9460     77437.3969     74453.3253     71474.2696     68493.3535     65516.0379     62536.2875     59559.3516     56580.0041     53603.1343     50624.1028     47647.2873     44668.4912     41691.5962     38712.9210     35735.8962     32757.3444     29780.1402     26801.6372     23824.2439     20845.8419     17868.3182     14890.0295     11912.3558      8934.1593      5956.3067      2978.1439
        -0.4820        -1.2523     89409.9184     86404.3645     83410.6392     80419.6378     77435.9920     74452.0400     71473.1460     68492.4255     65515.1561     62535.5127     59558.6252     56579.3869     53602.5864     50623.6144     47646.7955     44667.9982     41691.0591     38712.3846     35735.3309     32756.8085     29779.6493     26801.2443     23823.9374     20845.6233     17868.1518     14889.9168     11912.2818      8934.1230      5956.2955      2978.1489
        -0.2410        -1.2523     89409.8762     86403.9507     83410.2085     80419.1897     77435.6585     74451.5667     71472.6528     68491.7728     65514.6888     62535.0812     59558.4359     56579.2298     53602.5302     50623.5013     47646.7059     44667.8214     41690.9199     38712.1857     35735.1921     32756.6247     29779.5111     26801.0801     23823.8197     20845.4875     17868.0361     14889.7886     11912.2058      8934.0716      5956.2794      2978.1410
         0.0000        -1.2523     89409.8822     86404.2121     83410.6896     80420.1068     77436.8821     74453.1031     71474.1662     68493.3215     65515.9938     62536.2641     59559.3118     56579.9419     53603.0318     50623.9659     47647.0957     44668.2517     41691.2837     38712.5688     35735.4911     32756.9118     29779.6884     26801.2051     23823.8578     20845.5329     17868.0743     14889.8406     11912.2144      8934.0642      5956.2513      2978.1267
         0.2410        -1.2523     89409.9362     86404.1543     83410.4216     80419.2624     77435.4554     74451.2299     71472.2414     68491.3816     65514.2363     62534.6408     59557.9891     56578.8257     53602.1457     50623.1430     47646.3735     44667.5844     41690.7855     38712.1803     35735.2340     32756.7017     29779.5585     26801.1136     23823.8231     20845.4880     17868.0448     14889.8124     11912.2151      8934.0667      5956.2655      2978.1347
         0.4820        -1.2523     89409.9782     86404.1893     83410.4167     80419.5036     77436.0688     74452.1941     71473.3896     68492.6305     65515.3805     62535.6193     59558.6586     56579.2950     53602.4688     50623.4675     47646.7084     44667.9042     41690.9933     38712.2746     35735.2363     32756.6944     29779.5599     26801.1316     23823.8400     20845.5232     17868.0757     14889.8414     11912.2310      8934.0838      5956.2698      2978.1348
         0.7230        -1.2523     89410.2990     86404.9073     83411.5757     80420.9233     77437.5815     74453.6518     71474.6582     68493.6772     65516.2565     62536.4036     59559.4526     56580.0859     53603.2339     50624.1624     47647.3160     44668.4667     41691.5381     38712.8294     35735.7771     32757.1987     29780.0045     26801.5210     23824.1660     20845.7759     17868.2618     14889.9727     11912.3138      8934.1275      5956.2903      2978.1386
         0.9640        -1.2523     89411.5123     86407.5563     83415.2889     80425.2753     77441.9384     74457.9101     71478.6268     68497.6110     65520.1261     62540.3899     59563.4192     56584.0944     53607.1165     50627.9263     47650.8048     44671.7061     41694.4253     38715.4492     35738.0698     32759.2472     29781.7599     26803.0505     23825.4428     20846.8778     17869.1645     14890.7084     11912.8371      8934.4646      5956.4509      2978.1853
        -0.6025        -1.4610     89411.5180     86407.5660     83415.3306     80425.4039     77442.2622     74458.4842     71479.4871     68498.6180     65521.1739     62541.3297     59564.2052     56584.7019     53607.5665     50628.2802     47651.0986     44671.9891     41694.7224     38715.7441     35738.3703     32759.5261     29782.0347     26803.3134     23825.6903     20847.0798     17869.3109     14890.8041     11912.9065      8934.5117      5956.4848      2978.2041
        -0.3615        -1.4610     89411.3208     86407.0100     83414.5344     80424.5352     77441.4261     74457.5949     71478.5322     68497.5354     65520.0679     62540.2036     59563.1377     56583.6704     53606.6328     50627.4045     47650.3127     44671.2448     41694.0559     38715.1338     35737.8450     32759.0562     29781.6142     26802.9262     23825.3535     20846.7929     17869.0862     14890.6170     11912.7650      8934.4102      5956.4238      2978.1776
        -0.1205        -1.4610     89410.6040     86405.4553     83412.0630     80421.3098     77437.6847     74453.6570     71474.5735     68493.6798     65516.2959     62536.5904     59559.6921     56580.4258     53603.5718     50624.5301     47647.6201     44668.7525     41691.7571     38713.0278     35735.9137     32757.3099     29780.0621     26801.5849     23824.2127     20845.8455     17868.3176     14890.0375     11912.3633      8934.1679      5956.3052      2978.1417
         0.1205        -1.4610     89410.5382     86405.2913     83412.2102     80421.1055     77437.3538     74453.2513     71474.1677     68493.3213     65516.0210     62536.3424     59559.4689     56580.2037     53603.3893     50624.3866     47647.5336     44668.6873     41691.6988     38712.9631     35735.8524     32757.2609     29780.0366     26801.5680     23824.2006     20845.8253     17868.2989     14890.0221     11912.3617      8934.1709      5956.3090      2978.1396
         0.3615        -1.4610     89411.2858     86407.0459     83414.4782     80424.3639     77441.2307     74457.5271     71478.5984     68497.7226     65520.2407     62540.3905     59563.2945     56583.8458     53606.7755     50627.5313     47650.3895     44671.3004     41694.0691     38715.1360     35737.8119     32759.0166     29781.5679     26802.8929     23825.3252     20846.7734     17869.0708     14890.6252     11912.7808      8934.4370      5956.4477      2978.1913
         0.6025        -1.4610     89411.4242     86407.3952     83415.0660     80425.0585     77441.7784     74457.8540     71478.7174     68497.7976     65520.3153     62540.5250     59563.4454     56584.0534     53607.0195     50627.8240     47650.7047     44671.6219     41694.3750     38715.4284     35738.0856     32759.3022     29781.8378     26803.1500     23825.5220     20846.9228     17869.1683     14890.6887     11912.8124      8934.4463      5956.4425      2978.1831
