        -0.6025         1.4610    149518.0431    148475.6526    147514.0842    146472.9644    145509.9129    144468.1989    143507.2511    142469.2974    141513.3028    140478.1196    139522.2217    138485.3210    137525.6173    136484.6141    135521.0337    134478.6817    133516.3029    132476.0107    131516.2383    130477.3580    129517.8195    128477.6410    127514.4820    126471.6515    125511.0812    124473.6187    123516.9207    122480.0103    121520.2120    120480.2205
        -0.3615         1.4610    149519.2660    148477.5062    147515.9340    146473.5566    145509.9667    144470.1084    143512.4274    142476.0670    141518.7978    140482.1073    139525.3212    138489.1176    137529.8974    136488.7874    135524.4229    134481.0791    133517.7639    132476.1381    131514.5672    130475.2401    129518.0849    128482.2423    127522.7783    126480.4149    125516.2418    124474.6265    123514.3953    122476.4936    121517.8246    120479.3754
        -0.1205         1.4610    149519.8921    148480.0495    147519.6186    146477.6235    145512.6888    144470.4481    143510.8451    142474.5147    141517.9095    140480.3194    139520.2573    138480.5451    137520.4896    136481.6764    135522.1546    134482.7844    133522.2617    132481.8940    131520.3267    130480.0028    129519.7275    128480.8176    127520.0886    126478.6199    125516.1991    124475.6095    123515.3526    122476.7363    121518.2648    120479.3530
         0.1205         1.4610    149517.6650    148477.6725    147517.5083    146475.9967    145509.7363    144466.6826    143506.7931    142472.0618    141516.7142    140481.5315    139522.9489    138484.8392    137523.6070    136482.5228    135518.2530    134475.7402    133512.4470    132472.9436    131513.7510    130477.7825    129520.5879    128483.4094    127521.8603    126480.5087    125519.5291    124481.7112    123521.8618    122483.2947    121521.9650    120481.0805
         0.3615         1.4610    149518.2516    148474.6658    147511.0815    146469.1935    145509.4113    144470.5796    143511.3158    142472.7230    141514.2097    140477.4645    139521.0091    138484.3494    137525.1108    136483.3244    135518.8485    134474.9295    133512.7840    132473.4833    131514.8716    130476.1590    129515.6391    128475.0650    127514.0048    126474.2362    125516.0336    124479.3883    123522.3285    122484.6607    121524.1593    120481.8696
         0.6025         1.4610    149520.7806    148481.7956    147522.2415    146480.9862    145517.0574    144474.1798    143511.8585    142473.4190    141515.9773    140479.8573    139522.3268    138484.6106    137525.1968    136484.9148    135521.9856    134478.3639    133513.8757    132472.0888    131511.8878    130474.0419    129516.0638    128477.7667    127518.4012    126479.6958    125520.7606    124482.4739    123521.1084    122480.0326    121518.8395    120479.1649
        -0.9640         1.2523    149516.7483    148472.6642    147508.8189    146467.6355    145508.2694    144469.9552    143509.3530    142469.9679    141510.1812    140472.5042    139514.7107    138476.9907    137517.5371    136478.0062    135517.6437    134479.1259    133520.2933    132481.7988    131520.4606    130478.4291    129515.8119    128475.7259    127516.9513    126479.3935    125518.5190    124476.4285    123513.1493    122473.9232    121516.4963    120479.2320
        -0.7230         1.2523    149517.2908    148475.2693    147514.9948    146474.3828    145511.5158    144471.8846    143513.1171    142476.1729    141516.6405    140477.8361    139519.2003    138482.3185    137523.6294    136483.3831    135518.9036    134475.4601    133512.4645    132472.7905    131513.1287    130474.6801    129516.0604    128479.2985    127520.8908    126481.4835    125519.4360    124477.6599    123514.6978    122474.3592    121515.4883    120478.8708
        -0.4820         1.2523    149520.1733    148478.8083    147516.7221    146473.7301    145511.7829    144472.6785    143514.8170    142477.4122    141518.4663    140478.1961    139517.0737    138476.6071    137516.9615    136477.8801    135519.2969    134480.8435    133522.1924    132482.7394    131521.6445    130479.8846    129517.9733    128477.0324    127516.9383    126478.1665    125520.2272    124481.5200    123520.4291    122479.5280    121519.3132    120479.7043
        -0.2410         1.2523    149518.4911    148478.7368    147519.5357    146477.3501    145512.6022    144470.4697    143509.0725    142469.9907    141511.1323    140474.5336    139518.7616    138483.0455    137523.4960    136480.8662    135515.4341    134472.4095    133512.3723    132474.7652    131516.1068    130476.8530    129517.5826    128480.4746    127522.4663    126483.3477    125523.0100    124483.7790    123523.1721    122483.2329    121521.6291    120480.1456
         0.0000         1.2523    149516.4927    148471.4571    147508.0192    146465.4324    145504.6098    144466.6895    143510.4811    142475.3270    141520.3271    140485.0683    139529.6138    138492.3735    137531.4365    136487.0098    135519.0361    134472.7117    133509.4372    132470.2579    131511.7045    130472.6296    129512.5606    128473.5846    127516.1055    126479.3167    125523.6251    124487.6628    123529.9826    122491.3450    121529.6405    120484.4894
         0.2410         1.2523    149521.2245    148481.4121    147520.0160    146476.6605    145513.7018    144472.7113    143513.2221    142474.8257    141516.5160    140477.9876    139519.3455    138480.0131    137519.9595    136478.3232    135515.5038    134473.7355    133513.8554    132476.6023    131519.6881    130481.8272    129523.3832    128484.0376    127523.5760    126481.3585    125518.1936    124476.2234    123515.5032    122476.6105    121518.3602    120479.2394
         0.4820         1.2523    149518.9075    148480.0192    147519.9903    146478.2565    145512.7943    144471.2037    143511.2921    142474.7900    141516.9294    140480.9222    139523.5970    138487.2072    137526.4511    136483.8150    135517.6311    134474.7086    133513.3863    132475.9124    131515.6963    130475.8465    129514.9941    128477.2945    127519.1846    126481.9836    125523.1263    124486.2464    123526.3699    122487.4606    121525.9420    120482.8513
         0.7230         1.2523    149519.0273    148475.7238    147513.9252    146472.2715    145510.6199    144471.1350    143513.0762    142474.7259    141515.1689    140475.1615    139516.4717    138479.3828    137521.8350    136482.5535    135520.7427    134478.6998    133517.9123    132478.4760    131518.7994    130478.3276    129517.5296    128476.9330    127516.9545    126477.6382    125520.1569    124483.6248    123524.9554    122484.6501    121523.0524    120480.8975
         0.9640         1.2523    149515.7972    148469.0585    147504.9535    146465.7166    145509.5802    144476.2774    143521.8000    142484.9113    141524.0471    140481.5131    139518.2972    138477.3273    137516.4258    136476.5993    135515.6736    134475.6129    133515.8693    132477.2028    131517.3581    130477.7068    129517.1360    128477.2534    127516.1473    126475.3447    125514.3932    124475.3767    123515.9302    122477.1927    121517.5358    120479.0231
        -1.0845         1.0436    149521.1919    148482.2039    147520.2676    146477.2138    145513.6585    144472.1648    143511.8411    142473.4007    141513.9425    140474.9796    139515.5445    138476.7261    137516.9221    136477.0556    135515.8445    134476.3164    133517.0927    132479.2904    131520.0031    130480.1679    129519.4960    128480.0644    127521.0765    126482.7862    125523.0049    124483.0420    123521.6135    122481.1595    121519.9117    120479.8263
        -0.8435         1.0436    149518.7761    148477.4731    147517.2037    146475.7836    145512.8634    144472.0697    143512.8428    142475.8540    141518.3863    140481.2569    139523.6938    138485.9662    137525.8317    136484.0225    135519.7208    134476.9438    133515.6651    132476.6077    131517.4367    130478.4235    129518.6363    128479.2900    127517.9245    126476.6760    125516.6600    124478.8233    123520.3363    122481.2157    121520.3731    120479.9584
        -0.6025         1.0436    149521.3681    148481.5379    147518.5616    146473.9745    145511.1350    144474.1255    143518.4270    142481.5678    141520.7587    140479.7223    139519.2054    138480.3018    137519.7660    136478.3326    135515.2787    134475.0417    133517.5808    132481.6530    131523.4250    130483.3031    129521.7006    128481.7717    127520.6472    126479.4627    125517.6752    124478.3723    123519.2338    122481.1593    121521.3604    120480.4831
        -0.3615         1.0436    149519.7261    148480.7636    147519.6350    146475.9993    145510.4983    144469.9693    143511.3844    142474.4467    141515.9011    140478.8507    139522.2660    138486.7823    137527.9926    136485.9482    135519.2836    134474.9360    133513.0961    132475.4089    131515.7732    130474.9586    129513.4759    128476.0436    127520.2819    126485.2826    125528.0995    124490.9420    123529.5969    122488.0180    121524.9026    120482.0681
        -0.1205         1.0436    149520.2129    148482.4983    147521.6736    146477.9303    145511.2726    144470.2681    143512.8258    142477.8708    141520.8651    140483.7325    139523.9649    138484.3363    137521.4792    136478.4523    135514.5777    134475.2813    133517.4086    132481.0078    131520.1414    130478.5786    129517.4240    128480.0038    127520.8010    126480.6327    125519.2614    124481.5691    123523.2353    122485.3627    121524.2076    120481.7076
         0.1205         1.0436    149521.7033    148484.5441    147524.7922    146481.1024    145515.6156    144475.5867    143518.1973    142481.6870    141521.9548    140481.8198    139520.7041    138480.4121    137519.0324    136476.3515    135512.0860    134470.8243    133513.2358    132479.4650    131523.0756    130483.3711    129520.2873    128478.9135    127518.1845    126478.1762    125517.2238    124478.0197    123517.4280    122478.0354    121518.8979    120479.4867
         0.3615         1.0436    149522.1145    148485.9445    147526.6513    146483.2998    145516.4163    144474.7871    143515.9328    142479.5403    141520.7238    140482.6504    139523.1574    138484.7060    137523.4624    136480.1811    135514.3383    134471.2532    133511.4585    132475.9949    131519.0852    130480.8560    129519.6579    128479.4507    127517.2456    126476.6634    125517.9632    124483.6789    123527.8690    122490.0069    121527.4438    120482.9394
         0.6025         1.0436    149521.2712    148480.4844    147515.3881    146468.9464    145503.7782    144462.4465    143505.3713    142471.2454    141517.9502    140483.0770    139525.8206    138486.9039    137526.0593    136484.4202    135520.8066    134477.4922    133513.8636    132472.4005    131512.0620    130473.3210    129514.6792    128475.2593    127514.4665    126474.1431    125516.1857    124480.3742    123524.5118    122487.6566    121526.9645    120483.4870
         0.8435         1.0436    149518.6373    148478.9719    147518.9304    146477.1292    145511.8786    144470.7000    143511.3841    142475.1199    141517.2827    140478.9652    139518.1270    138478.5026    137517.8181    136478.7401    135518.1313    134478.5238    133517.1492    132476.8940    131515.4633    130476.6296    129518.6392    128481.8098    127520.9138    126479.0376    125516.1978    124477.3233    123517.2179    122478.1998    121518.4566    120479.1369
         1.0845         1.0436    149516.6011    148474.0387    147515.6445    146476.9737    145515.0508    144473.9319    143513.6964    142476.4162    141520.2598    140484.1772    139527.1670    138489.2647    137527.6139    136483.7802    135517.2137    134472.3410    133509.7946    132470.5332    131510.8262    130471.0395    129509.9823    128470.3184    127511.6849    126474.8616    125519.4000    124484.6514    123527.8691    122489.6949    121528.5012    120484.2948
        -1.2050         0.8348    149519.7180    148479.2601    147517.4553    146475.2534    145514.1477    144474.5888    143515.8758    142477.6718    141518.5556    140479.5193    139520.1445    138480.7218    137520.5429    136479.5685    135517.8552    134477.6522    133518.1147    132480.0289    131520.4803    130480.2332    129519.5975    128479.8824    127520.6139    126481.2021    125521.3691    124481.9439    123521.9098    122481.6836    121520.8569    120480.6812
        -0.9640         0.8348    149520.2395    148482.1103    147522.2482    146478.5818    145512.6385    144471.1274    143512.6373    142475.3390    141516.1365    140477.1721    139517.6344    138478.9040    137518.2764    136476.6206    135513.9400    134473.9712    133515.5645    132478.2446    131517.4780    130475.8447    129514.7127    128476.8053    127519.0742    126480.2211    125520.5238    124482.4700    123524.2704    122485.8720    121525.2143    120482.5736
        -0.7230         0.8348    149519.3844    148478.3608    147517.8562    146476.4690    145514.2935    144474.5410    143515.4364    142475.8916    141513.6988    140471.6541    139510.0507    138471.4367    137513.4478    136475.4816    135516.1012    134477.5638    133520.1266    132483.8997    131526.4474    130487.6690    129527.2297    128486.7168    127523.9872    126480.7075    125517.8512    124477.3043    123516.1399    122476.5621    121517.7058    120479.2288
        -0.4820         0.8348    149518.4171    148478.7182    147518.3421    146473.7716    145504.7183    144461.4087    143504.3710    142471.8648    141519.1745    140485.0185    139527.3867    138488.7486    137526.6398    136483.3028    135517.5680    134474.6046    133512.3901    132472.1324    131509.1512    130466.9782    129508.1973    128474.0810    127519.8721    126483.1494    125524.3924    124487.5994    123528.3433    122488.0743    121525.4246    120482.1788
        -0.2410         0.8348    149519.1084    148479.3332    147517.3415    146472.7815    145509.1483    144470.7828    143515.8908    142480.2470    141520.8491    140480.2944    139518.5598    138478.1634    137517.4346    136476.0726    135513.9946    134474.5196    133517.5045    132481.9508    131522.4813    130479.5997    129515.6060    128474.9972    127516.1811    126477.5076    125517.8890    124479.9204    123521.9459    122484.2549    121524.8170    120482.2520
         0.0000         0.8348    149517.0714    148474.3864    147513.2762    146472.0685    145509.8242    144473.0691    143517.2387    142480.3142    141519.2267    140478.6039    139518.8372    138481.5462    137522.3807    136480.9678    135516.5906    134475.3418    133515.0922    132476.7196    131514.2471    130471.3688    129509.9437    128472.8772    127515.8460    126478.4948    125520.9844    124485.4519    123526.3862    122486.4186    121523.8348    120481.4121
         0.2410         0.8348    149518.0100    148476.2797    147514.8804    146473.1255    145511.7067    144475.8986    143521.9337    142486.9537    141527.1756    140486.7298    139526.2504    138487.2698    137525.9836    136481.7434    135513.7280    134469.4125    133509.5491    132474.5620    131517.9868    130479.1382    129519.4586    128482.1904    127524.2848    126485.1930    125524.2679    124486.0793    123526.3051    122486.0411    121523.8836    120481.4072
         0.4820         0.8348    149524.0354    148489.0841    147526.2762    146477.5378    145505.8882    144463.1056    143504.4989    142468.9034    141512.2517    140477.6261    139522.2265    138487.5453    137527.7485    136484.8315    135517.7091    134473.9645    133513.1019    132476.4378    131516.7070    130476.1307    129514.0212    128475.3861    127515.7530    126477.3646    125519.6875    124485.7508    123528.1307    122489.0768    121526.8320    120483.1895
         0.7230         0.8348    149521.1581    148483.3513    147522.1019    146478.5956    145513.1638    144471.6231    143510.9705    142472.4629    141512.1175    140473.8846    139517.0186    138482.7805    137525.7251    136485.3841    135519.5747    134475.3806    133512.7947    132474.7082    131516.2136    130478.5344    129519.5112    128481.7232    127521.8304    126482.4697    125522.1884    124482.8417    123519.9032    122479.8101    121519.5863    120480.0941
         0.9640         0.8348    149517.1366    148473.4596    147510.5976    146467.6591    145506.6229    144469.0754    143514.7119    142480.3315    141522.9361    140483.3017    139521.5713    138480.3326    137519.7295    136479.0750    135518.1840    134477.3352    133516.8386    132477.0947    131517.2441    130477.7025    129518.3558    128478.7887    127517.4311    126475.9521    125516.9520    124480.7289    123523.6180    122484.1969    121523.0771    120481.0020
         1.2050         0.8348    149521.1074    148482.4644    147520.9552    146475.8404    145510.0488    144467.5779    143508.6778    142472.2019    141515.2686    140477.9289    139518.6833    138479.7621    137519.8051    136479.5061    135518.1819    134476.5714    133514.7143    132473.9848    131512.6701    130472.2705    129512.0879    128473.4857    127516.4698    126480.6822    125524.5161    124486.9560    123525.6315    122483.8946    121522.0205    120480.5724
        -1.3255         0.6261    149518.5821    148478.6832    147515.2151    146470.1034    145505.3304    144468.3723    143514.4471    142481.4782    141523.4048    140484.5681    139522.5008    138481.3672    137517.3742    136474.5421    135511.9968    134474.9475    133519.2572    132484.7037    131524.4390    130482.8048    129519.6746    128479.8970    127518.7089    126477.9469    125515.8583    124477.8884    123520.3040    122484.0054    121523.9957    120482.1033
        -1.0845         0.6261    149521.7544    148481.9553    147519.0012    146475.2640    145509.8448    144468.8666    143510.4089    142474.7790    141518.2937    140481.1261    139521.0953    138480.8034    137517.9056    136475.1296    135511.7052    134471.5234    133512.1351    132474.8320    131515.7652    130477.3391    129519.2158    128482.2637    127522.8403    126482.7979    125522.3941    124484.4452    123524.9645    122485.7337    121523.5504    120481.5242
        -0.8435         0.6261    149521.5894    148480.7501    147515.1915    146468.5528    145503.6718    144465.5017    143511.1722    142477.5848    141521.6148    140484.0570    139524.9637    138485.9790    137525.2540    136483.1575    135519.0105    134476.7084    133516.3358    132478.8464    131519.4796    130478.9707    129517.5711    128478.4420    127520.3848    126482.2183    125522.5000    124483.0642    123521.4025    122480.9104    121520.0540    120479.7925
        -0.6025         0.6261    149517.4687    148475.7727    147512.2952    146466.7381    145502.3489    144464.6145    143509.9908    142475.0681    141515.6914    140475.2858    139514.9622    138477.1860    137519.6895    136480.4722    135517.5549    134475.3413    133514.6706    132477.3721    131518.7177    130478.2149    129515.7754    128475.1969    127514.9966    126475.6742    125516.7161    124479.8431    123521.4814    122483.3364    121523.4605    120481.3666
        -0.3615         0.6261    149518.1039    148478.1287    147517.4324    146471.9352    145503.9946    144464.1385    143509.8451    142476.3334    141519.3074    140481.3919    139523.2522    138486.4499    137527.5579    136485.6721    135520.4693    134477.5933    133515.9975    132476.5705    131514.6714    130472.8453    129513.0596    128476.4635    127518.0288    126478.1250    125518.6192    124482.6674    123524.3931    122484.6877    121523.5178    120481.2324
        -0.1205         0.6261    149521.5635    148483.9733    147519.9658    146473.6524    145509.5090    144473.4017    143518.0968    142480.6225    141517.3603    140475.6966    139515.9692    138479.3359    137521.8736    136482.2064    135517.3585    134474.7836    133514.5217    132478.3760    131518.7084    130476.2686    129513.5907    128476.5431    127520.7264    126482.4791    125520.0172    124481.7792    123524.1343    122485.1691    121522.1697    120480.4225
         0.1205         0.6261    149518.9347    148481.2736    147519.6092    146473.8179    145506.8154    144468.5702    143512.4448    142475.7845    141514.0258    140474.0230    139515.4408    138481.0400    137523.6877    136482.4626    135515.6242    134471.5335    133512.0684    132478.3880    131522.2764    130483.8568    129521.8066    128483.0464    127523.6342    126484.7152    125523.1876    124482.9789    123519.1393    122477.4548    121517.1297    120478.4452
         0.3615         0.6261    149517.6364    148477.6348    147518.2250    146476.2190    145512.6838    144472.0434    143513.8982    142477.4144    141519.3328    140481.3224    139521.8102    138483.4718    137523.9346    136483.0076    135519.3299    134476.4921    133514.3688    132475.3258    131516.0738    130477.6028    129519.1075    128480.9890    127520.0833    126478.3874    125518.5279    124482.1166    123523.9010    122483.9648    121522.7184    120481.5102
         0.6025         0.6261    149519.8351    148482.3495    147522.5539    146477.2687    145509.9540    144466.9529    143509.4857    142474.3237    141519.0923    140483.1497    139526.1026    138488.7809    137529.9806    136488.5087    135524.0081    134479.5073    133516.8490    132477.3949    131518.0574    130477.8800    129517.3877    128477.8768    127518.5626    126478.7718    125520.0171    124483.1754    123525.3434    122485.9379    121524.8741    120481.6025
         0.8435         0.6261    149519.7955    148481.0401    147518.1322    146470.8866    145502.7481    144461.8667    143505.6583    142471.2673    141513.7218    140476.0093    139517.0859    138479.7796    137520.9292    136480.5162    135517.0767    134475.4996    133515.4928    132479.0059    131520.4804    130481.8001    129522.6301    128485.9799    127528.3144    126489.0038    125527.4321    124486.9852    123524.0760    122482.9482    121521.8354    120480.9149
         1.0845         0.6261    149522.3648    148485.7348    147524.5429    146478.4966    145508.9114    144462.8341    143499.5929    142462.3408    141507.8587    140475.9462    139523.5672    138489.2891    137529.6928    136486.4672    135519.2154    134474.1461    133511.1469    132472.4745    131513.9263    130476.1667    129517.4849    128479.7870    127520.6428    126481.4660    125521.6683    124483.5902    123524.0732    122484.9405    121522.9528    120480.8753
         1.3255         0.6261    149518.6720    148478.5029    147516.6088    146472.6266    145505.9616    144463.6903    143504.8449    142468.7165    141510.4993    140472.6748    139512.6189    138475.0143    137515.6895    136476.7867    135516.1963    134476.8651    133517.4075    132479.1027    131518.8334    130479.6235    129519.6539    128481.6148    127521.1035    126481.7890    125523.1445    124487.3607    123528.6694    122488.4927    121525.5589    120482.4324
        -1.4460         0.4174    149515.8132    148471.2401    147508.2796    146465.1970    145502.3417    144464.6861    143510.4504    142477.8710    141522.4388    140485.2027    139524.6632    138483.1103    137518.8858    136474.9208    135511.7763    134472.6150    133515.7269    132479.8342    131520.9409    130481.0530    129520.1786    128480.6841    127520.0317    126479.3196    125517.8597    124478.2842    123517.7932    122477.9506    121518.2668    120479.3002
        -1.2050         0.4174    149517.7234    148473.7909    147512.6042    146472.1863    145512.5983    144473.9485    143514.3193    142474.7038    141514.2778    140474.5746    139515.5448    138476.9376    137516.9676    136475.5615    135513.7091    134474.0286    133516.4680    132479.9016    131521.7551    130482.1929    129521.8437    128481.4841    127520.1224    126478.6947    125518.4020    124479.3019    123519.3453    122479.8925    121520.0133    120479.9543
        -0.9640         0.4174    149517.7222    148478.6461    147518.3732    146474.1060    145505.7017    144464.0475    143507.3323    142474.3474    141519.2761    140482.8770    139523.4020    138484.7500    137524.0373    136482.7932    135518.2102    134475.6619    133514.0419    132476.4832    131517.0822    130476.9874    129514.6292    128474.4806    127514.0098    126475.2609    125517.0500    124481.7996    123524.0700    122486.1890    121525.3231    120482.2411
        -0.7230         0.4174    149519.7331    148480.7095    147520.5219    146476.5647    145510.0629    144468.4827    143510.5751    142474.8408    141517.1015    140478.9261    139519.5761    138480.5581    137518.4227    136474.6541    135509.7236    134469.2308    133512.9422    132478.7655    131520.2880    130479.0081    129516.3886    128476.8153    127517.3722    126477.7603    125517.7601    124480.0195    123521.1865    122483.0580    121524.2668    120482.9011
        -0.4820         0.4174    149522.0877    148488.3340    147530.0043    146484.3241    145513.2594    144468.4470    143507.1683    142470.1817    141512.3697    140475.7636    139518.1455    138481.2045    137522.3778    136481.8172    135516.9461    134474.0524    133512.7111    132476.4917    131519.0856    130480.5761    129519.8404    128481.3315    127522.5209    126483.7543    125523.3293    124484.8732    123522.9155    122481.6167    121520.2603    120479.9310
        -0.2410         0.4174    149520.5334    148479.3874    147514.2832    146468.0713    145504.0672    144465.4936    143511.4203    142479.3745    141524.4245    140486.2267    139522.7614    138478.7164    137514.7108    136472.8655    135512.4721    134474.4739    133518.2461    132482.4320    131522.7214    130480.2044    129516.2949    128475.6972    127517.1774    126478.6317    125518.1295    124478.6951    123519.1688    122480.7021    121521.3919    120480.8519
         0.0000         0.4174    149525.1072    148491.7695    147531.0614    146480.8352    145504.8957    144456.5296    143498.0588    142467.9209    141521.0153    140492.1104    139538.5825    138499.7255    137535.0468    136487.0079    135514.8686    134465.9804    133502.9905    132467.0744    131512.8209    130476.7135    129517.5538    128478.8351    127520.7716    126482.4792    125525.1742    124489.5375    123530.9941    122490.1345    121527.8048    120483.6561
         0.2410         0.4174    149522.8477    148488.8881    147523.8168    146470.3570    145497.8301    144456.8964    143505.5672    142474.8704    141518.3998    140480.0364    139521.3510    138485.7284    137530.9608    136493.0419    135527.1017    134478.9195    133510.8557    132469.7238    131510.6677    130473.0595    129515.5259    128480.2388    127525.0921    126487.0086    125526.5960    124488.3678    123529.6049    122489.8246    121526.6167    120482.1430
         0.4820         0.4174    149522.5677    148487.7034    147524.9202    146474.5702    145502.5485    144460.5681    143505.1794    142471.8150    141515.9237    140481.2743    139526.3622    138491.7585    137530.5991    136484.7623    135514.3982    134469.0423    133510.5547    132477.1148    131519.6691    130478.7113    129514.5951    128475.0271    127517.0795    126479.7597    125521.4468    124485.1140    123525.9877    122486.4210    121524.5666    120481.7786
         0.7230         0.4174    149517.8818    148475.0897    147512.7811    146470.6632    145509.1972    144470.0747    143509.9431    142469.9564    141509.9644    140473.9210    139520.9384    138488.6404    137531.1407    136487.0537    135516.6911    134468.9697    133506.4981    132470.3132    131514.8591    130478.3519    129520.5508    128483.5387    127524.8172    126485.2094    125525.5976    124487.3940    123526.0284    122483.9622    121521.5380    120480.3205
         0.9640         0.4174    149519.1757    148479.5368    147517.5841    146473.3658    145507.7707    144467.4650    143511.9766    142479.1782    141523.0983    140485.1287    139523.7632    138483.7709    137522.7302    136482.2500    135519.2620    134478.1475    133515.9435    132476.4757    131515.6392    130477.1339    129519.5984    128483.5009    127524.3525    126483.5765    125522.1911    124483.3278    123522.9862    122484.0818    121523.0611    120481.4918
         1.2050         0.4174    149520.3199    148483.7771    147524.3128    146480.3575    145512.5838    144468.6340    143506.8279    142468.8319    141511.2490    140474.8314    139516.3755    138478.2785    137518.0536    136478.2954    135517.5405    134478.1157    133517.0907    132476.5998    131513.7261    130473.1344    129514.2291    128478.0878    127519.5127    126480.0452    125519.2144    124480.4729    123520.2200    122481.0269    121521.0189    120480.6364
         1.4460         0.4174    149519.9417    148477.9559    147516.9672    146476.2968    145517.4157    144479.2905    143521.4943    142481.9906    141520.9314    140479.5363    139518.6812    138478.8955    137517.7427    136475.3724    135512.7361    134471.7967    133514.8962    132478.7643    131522.9136    130484.4396    129523.9275    128482.4465    127520.0807    126479.3106    125521.2314    124483.6453    123523.4504    122481.4867    121520.0698    120479.7058
        -1.5665         0.2087    149516.9888    148471.5359    147504.3574    146457.4529    145492.4481    144455.7734    143506.2033    142478.7657    141527.2374    140490.4249    139527.6233    138483.4065    137518.3722    136475.1317    135513.6063    134474.6799    133515.1693    132475.4186    131512.8201    130471.6026    129512.6029    128476.2852    127519.4035    126481.9172    125523.4619    124485.8975    123526.6470    122487.0451    121526.1069    120483.1487
        -1.3255         0.2087    149518.6769    148475.0183    147510.9697    146468.0648    145504.8724    144465.3542    143505.8023    142468.8682    141511.8705    140476.3767    139520.6894    138484.4837    137524.4556    136482.2818    135516.7697    134473.9877    133513.7265    132477.3035    131520.6756    130483.1186    129523.0244    128483.2707    127522.2665    126482.4364    125522.5908    124484.4004    123523.7845    122483.5015    121521.5673    120480.3969
        -1.0845         0.2087    149519.2516    148476.4175    147509.5683    146462.4711    145497.7690    144460.8347    143507.0119    142473.6078    141516.8230    140479.4784    139520.9176    138483.4618    137523.7407    136483.3751    135520.0620    134478.4603    133517.0484    132477.8687    131517.1679    130476.9473    129516.6611    128479.0306    127520.7056    126482.5987    125523.6399    124486.4565    123527.3002    122488.1026    121525.6037    120482.3328
        -0.8435         0.2087    149520.9091    148482.4462    147519.4529    146471.3439    145502.8441    144460.1806    143502.8742    142468.5689    141514.0803    140478.7784    139521.7957    138484.1394    137524.2268    136482.7359    135518.8437    134476.1709    133515.4625    132477.2948    131517.8221    130476.9591    129515.3825    128476.2842    127518.5267    126480.7601    125522.7457    124485.6832    123526.6356    122486.1366    121523.7080    120481.1610
        -0.6025         0.2087    149520.9129    148483.1716    147519.1730    146470.4107    145502.8198    144464.4587    143512.4314    142480.7730    141523.0158    140481.7654    139518.1024    138477.1956    137517.6564    136478.5481    135516.5598    134475.2735    133514.5473    132476.5572    131516.6808    130475.8508    129514.8691    128477.1027    127519.5026    126480.4501    125518.8483    124479.3781    123519.7684    122481.3100    121521.5175    120480.3083
        -0.3615         0.2087    149519.0685    148478.8812    147515.6421    146470.7932    145505.0263    144466.9466    143511.9173    142477.5324    141518.7897    140479.9063    139519.5729    138481.2399    137521.2198    136480.5950    135515.9986    134473.9662    133514.0728    132478.3051    131520.1975    130480.2689    129517.7105    128477.7631    127516.7168    126476.0452    125516.2489    124481.7069    123525.6876    122487.5824    121525.7065    120482.5565
        -0.1205         0.2087    149524.4263    148490.7984    147526.2072    146473.9453    145501.2458    144459.3666    143505.2971    142475.4747    141523.1598    140490.0674    139534.0946    138496.8967    137536.0083    136491.9947    135522.3323    134473.7539    133507.8421    132467.9308    131508.1150    130468.8267    129509.1220    128473.1747    127517.7415    126480.6705    125520.3119    124481.8472    123522.9275    122484.8313    121524.2179    120481.9934
         0.1205         0.2087    149520.1503    148480.6002    147516.6485    146470.7230    145507.2710    144470.4115    143517.5614    142483.1230    141522.2580    140479.8786    139517.0403    138476.9920    137518.6391    136479.4254    135517.6264    134476.5116    133516.5770    132479.0720    131520.2811    130481.2325    129522.7771    128486.0666    127527.2722    126485.4166    125521.8459    124481.1248    123520.1311    122480.2088    121520.4028    120480.0264
         0.3615         0.2087    149520.0562    148481.2834    147519.2624    146477.0777    145513.9614    144474.3772    143512.9186    142473.1709    141511.9438    140475.8459    139521.9598    138489.6991    137532.4351    136490.0523    135520.0232    134473.0653    133509.7369    132473.2403    131514.4290    130474.7098    129512.4263    128474.7833    127518.3448    126482.6681    125524.3551    124487.3868    123526.5802    122486.6072    121524.2041    120481.7973
         0.6025         0.2087    149522.3318    148486.2271    147522.6806    146472.2122    145500.6433    144458.1004    143503.9064    142473.9419    141519.9704    140482.5584    139521.2937    138481.9314    137525.4783    136488.5561    135525.8623    134478.5314    133509.9066    132467.6217    131510.5581    130475.9203    129519.0046    128480.5714    127519.5737    126478.8307    125518.8663    124482.1360    123524.0053    122484.3217    121522.8718    120480.9084
         0.8435         0.2087    149519.4484    148480.9100    147518.6189    146471.9494    145506.3101    144469.4284    143516.5817    142483.2943    141524.2528    140484.4374    139522.9426    138483.1851    137521.4258    136478.4830    135513.1008    134471.0256    133512.5966    132478.3114    131522.0587    130483.8582    129522.9938    128483.6825    127522.3885    126480.2673    125517.0429    124477.2974    123517.1939    122478.8504    121520.3001    120480.5893
         1.0845         0.2087    149522.4549    148487.5952    147531.5371    146487.5000    145516.3381    144467.1719    143503.1145    142464.4162    141507.4513    140470.8584    139514.0437    138477.1755    137519.3823    136479.4553    135517.7293    134476.4955    133516.1901    132477.4838    131518.3469    130479.7322    129522.1610    128484.4499    127523.6601    126480.3875    125517.6613    124477.5789    123517.2732    122477.9552    121519.5419    120480.3034
         1.3255         0.2087    149524.2137    148489.5557    147528.1182    146481.3163    145512.9397    144469.1835    143509.0669    142471.2820    141513.9820    140477.0998    139519.5231    138481.8923    137522.0746    136480.9020    135518.1801    134476.1858    133515.2065    132475.4948    131514.8252    130474.0951    129513.0957    128474.1765    127515.4481    126477.7115    125520.3406    124483.5055    123525.1947    122486.4234    121525.0888    120481.9537
         1.5665         0.2087    149519.8241    148482.5867    147524.1510    146483.3019    145517.7336    144474.1650    143511.9050    142473.4974    141515.4491    140478.6546    139520.5197    138483.0136    137523.1218    136482.9499    135519.9870    134478.0161    133513.5344    132470.1678    131505.3912    130463.7253    129504.6762    128469.4632    127514.4611    126480.3453    125524.3140    124487.4980    123526.6717    122486.1946    121524.5375    120482.0571
        -1.4460         0.0000    149517.9289    148473.8277    147508.5890    146465.1141    145504.3721    144467.7781    143511.7214    142476.0894    141519.3678    140483.2767    139526.7610    138489.2512    137527.7848    136483.8314    135517.2359    134473.3147    133511.6397    132473.3094    131514.6366    130476.2884    129517.3385    128479.6828    127521.4811    126483.4324    125525.2837    124487.8009    123528.7353    122489.0505    121526.8680    120483.2144
        -1.2050         0.0000    149516.7745    148472.5260    147510.3525    146467.2222    145503.2275    144463.2943    143506.7429    142473.0957    141519.0112    140483.9151    139527.1102    138488.9238    137528.0426    136484.4112    135518.8718    134475.2048    133514.9778    132477.4872    131519.3441    130479.2085    129517.2097    128476.1389    127514.7102    126474.2477    125515.7496    124479.7208    123522.7610    122484.7731    121524.1076    120481.3781
        -0.9640         0.0000    149516.3296    148476.2277    147516.7434    146472.9196    145505.1985    144463.2685    143506.0577    142472.7305    141517.1439    140481.7138    139524.1511    138488.2754    137530.2483    136489.9692    135524.5312    134479.3178    133514.2428    132473.5814    131512.7206    130473.0268    129513.0241    128475.5404    127516.8327    126478.6787    125520.4133    124484.6872    123524.8052    122484.6181    121523.8584    120481.9505
        -0.7230         0.0000    149519.5945    148481.3036    147520.2864    146475.1497    145509.0000    144468.7759    143511.8007    142476.3997    141517.6332    140478.4137    139518.5423    138481.7032    137523.8914    136484.9065    135521.6596    134478.7585    133516.4936    132477.2407    131516.9377    130476.8831    129516.2159    128478.1866    127519.4219    126480.6593    125519.6309    124479.4320    123517.6239    122478.8196    121520.0232    120480.3077
        -0.4820         0.0000    149521.9117    148485.7162    147524.7184    146475.7723    145502.8563    144457.3975    143499.9877    142466.8739    141514.3440    140479.9880    139523.4992    138485.8431    137526.4181    136484.7653    135519.6888    134475.2615    133512.9832    132474.2105    131514.3780    130473.5146    129512.8791    128475.2322    127518.1246    126478.8979    125519.2534    124481.8671    123524.0357    122484.6498    121524.5731    120482.2536
        -0.2410         0.0000    149525.3848    148490.8996    147525.5869    146474.5762    145505.1586    144464.4740    143510.6800    142477.4206    141520.5304    140483.0228    139524.9236    138488.1193    137529.8205    136488.3200    135521.4102    134475.0054    133512.9586    132476.2530    131518.7659    130478.8308    129518.2182    128481.6802    127526.0253    126486.2833    125521.3795    124479.0153    123518.4312    122478.7854    121518.8324    120479.5186
         0.0000         0.0000    149518.3989    148474.0438    147503.9332    146454.5082    145491.2842    144456.0417    143507.7165    142479.6061    141526.9743    140491.7606    139532.6482    138492.6511    137530.6249    136486.1461    135517.0367    134469.0791    133505.9616    132469.3841    131512.3911    130471.9637    129507.5656    128466.8903    127511.1671    126477.4043    125522.7227    124487.7936    123529.9279    122489.7655    121527.1761    120483.1593
         0.2410         0.0000    149522.0457    148487.6409    147526.1864    146477.3547    145506.7103    144463.5604    143507.6818    142472.7153    141513.4285    140474.2014    139515.5543    138480.4959    137524.8270    136484.5581    135518.0701    134471.6057    133510.9940    132477.3907    131523.1543    130484.7043    129520.9966    128479.2306    127518.7745    126478.4280    125516.6543    124476.1837    123515.0655    122475.1958    121516.4115    120478.7090
         0.4820         0.0000    149521.7588    148481.4459    147513.4849    146461.4382    145491.4060    144450.8161    143499.3773    142472.4212    141523.5765    140491.2095    139533.1268    138492.4171    137530.2475    136486.7632    135520.1748    134472.8719    133506.7531    132465.3324    131505.6152    130467.1903    129508.7449    128472.6400    127516.9659    126480.3484    125522.6844    124486.4700    123529.3464    122490.4288    121528.7314    120483.9018
         0.7230         0.0000    149516.4254    148471.5425    147507.4377    146461.7414    145496.7752    144459.1145    143505.6063    142472.0074    141515.0575    140477.2844    139520.2866    138484.3841    137525.4251    136481.8719    135513.2616    134466.8273    133505.6622    132469.6498    131514.0725    130476.7337    129518.6897    128481.9732    127523.8551    126483.8259    125523.0696    124484.3429    123523.9848    122483.3569    121522.0489    120480.6252
         0.9640         0.0000    149513.5385    148469.1421    147507.8254    146467.6040    145506.2197    144470.4915    143515.9926    142481.8587    141521.9829    140481.3823    139517.8389    138477.2982    137515.2688    136474.5212    135512.3444    134473.5778    133514.9754    132478.1206    131516.8953    130476.2450    129515.0512    128477.3614    127517.9870    126479.3751    125520.9847    124485.8426    123526.1428    122486.5204    121524.0054    120481.4994
         1.2050         0.0000    149521.5040    148482.4838    147521.0667    146478.0382    145513.2182    144471.3298    143511.2044    142473.2869    141515.5474    140478.5361    139520.2611    138482.0709    137521.1051    136479.3765    135517.2123    134477.4612    133518.6203    132480.6441    131519.2739    130478.0340    129516.0763    128475.9937    127515.5694    126476.5403    125519.5445    124483.7214    123523.7230    122483.3397    121521.8665    120481.0336
         1.4460         0.0000    149519.9862    148479.9315    147518.9070    146477.6043    145515.3605    144474.5036    143513.0586    142472.9207    141511.9567    140472.5247    139513.6053    138475.9207    137517.1879    136477.8800    135516.9027    134477.2592    133517.0602    132477.8699    131517.3282    130477.0762    129516.9475    128478.2152    127518.5707    126479.6208    125519.7984    124480.6421    123520.7938    122482.5912    121522.4215    120481.0665
        -1.5665        -0.2087    149519.0126    148476.4279    147513.3519    146469.2014    145505.8379    144468.0246    143514.0961    142481.1917    141525.8120    140488.3242    139528.5393    138487.8935    137524.9114    136480.5797    135515.3372    134472.1869    133511.5929    132473.0633    131514.2212    130475.5313    129516.8089    128479.5080    127521.2687    126482.5685    125522.9960    124483.7393    123522.7061    122480.6237    121518.7510    120479.0002
        -1.3255        -0.2087    149519.9097    148477.0000    147512.0856    146466.8639    145504.0315    144466.5675    143512.1988    142478.4145    141523.2161    140486.5421    139528.4068    138488.7421    137525.6910    136480.3467    135513.7768    134470.3711    133509.8005    132471.7899    131512.9897    130474.0996    129516.2605    128479.7237    127523.0882    126485.1531    125526.2025    124486.4520    123524.3155    122482.8108    121521.9611    120480.9950
        -1.0845        -0.2087    149516.9151    148472.5236    147508.8312    146465.4927    145503.3870    144466.4501    143510.5373    142474.9094    141517.1462    140480.2933    139523.6417    138487.0821    137527.2293    136483.8314    135517.2763    134473.7068    133513.8880    132477.8768    131519.8921    130479.8194    129518.2890    128478.6881    127518.7781    126478.9333    125519.4392    124482.4398    123522.3955    122481.9249    121521.2815    120480.6473
        -0.8435        -0.2087    149522.3225    148488.5596    147530.6468    146485.3926    145513.2221    144466.7966    143505.8220    142470.4404    141514.4303    140477.9593    139518.8174    138480.1485    137519.1186    136478.2450    135515.3853    134475.6792    133516.9847    132480.5794    131521.0346    130481.3320    129521.5222    128484.4051    127525.2877    126484.4889    125521.7043    124482.0590    123520.6924    122480.3501    121518.7994    120479.1546
        -0.6025        -0.2087    149520.8635    148482.0415    147519.2219    146473.1751    145506.7312    144467.2874    143511.2173    142476.2353    141518.6463    140480.6325    139522.3696    138485.8061    137526.3056    136483.9947    135517.1952    134472.3378    133510.7018    132473.3354    131514.8181    130475.8115    129515.1236    128476.6573    127517.6073    126479.1863    125522.2661    124486.9632    123527.5748    122486.2502    121523.4791    120481.5384
        -0.3615        -0.2087    149519.5850    148480.1998    147516.3047    146471.2882    145507.5572    144471.3479    143517.6393    142482.0801    141519.5125    140476.0233    139512.5658    138474.2181    137517.4947    136480.8486    135520.1262    134479.6504    133518.2439    132479.1522    131516.9682    130475.0741    129514.0569    128477.8368    127521.6684    126483.7724    125521.5131    124480.8624    123519.7379    122480.7405    121520.3634    120480.1858
        -0.1205        -0.2087    149523.2628    148488.7935    147527.2610    146479.0814    145508.7512    144463.3773    143505.3631    142472.6132    141518.8003    140483.2608    139523.2446    138482.5842    137521.8160    136480.5551    135514.7729    134467.9138    133503.9481    132466.7964    131512.7977    130477.5099    129518.2686    128479.5342    127521.9509    126484.6889    125525.4393    124486.7139    123526.2247    122485.0232    121522.8102    120480.8267
         0.1205        -0.2087    149523.0570    148488.4117    147526.6759    146478.9540    145508.2438    144463.0546    143503.0199    142466.9785    141510.5365    140475.0781    139519.4809    138484.1170    137526.6535    136486.3979    135520.2770    134474.4570    133510.9708    132472.6794    131514.7566    130476.1055    129515.7559    128477.6696    127520.2005    126482.2232    125522.7531    124485.1728    123525.6326    122485.2850    121523.1560    120480.9197
         0.3615        -0.2087    149522.1664    148480.0171    147512.3773    146464.0110    145500.5647    144462.7451    143506.1183    142469.5499    141513.0864    140479.2705    139526.6457    138491.3301    137530.8502    136484.8635    135515.7144    134469.5289    133507.3945    132468.4863    131508.8906    130468.9009    129511.3608    128477.1434    127522.4113    126484.2986    125523.2402    124483.2245    123523.3019    122483.6170    121523.1333    120481.3073
         0.6025        -0.2087    149519.7988    148481.3950    147517.3893    146469.1403    145500.1130    144462.2632    143509.0144    142476.3249    141518.9668    140481.9002    139527.0933    138494.7776    137537.9376    136495.7103    135523.9017    134474.7528    133510.3460    132472.8971    131513.8179    130472.7253    129509.2789    128471.8754    127516.4224    126481.2185    125522.6083    124485.1993    123525.1785    122485.7304    121524.2460    120481.7303
         0.8435        -0.2087    149515.8107    148473.5167    147511.1229    146467.0386    145501.5705    144465.0583    143514.4998    142485.7387    141530.0572    140489.0820    139523.5497    138480.8909    137520.4535    136482.3592    135520.0551    134477.3394    133513.9251    132475.4398    131517.6215    130481.2086    129522.6684    128485.6027    127526.4127    126486.1572    125524.2298    124485.2483    123524.8010    122485.4517    121524.4660    120482.3391
         1.0845        -0.2087    149519.5820    148479.5868    147518.3366    146474.7745    145509.3044    144467.2629    143507.9357    142470.9500    141513.4390    140475.5405    139516.6085    138478.3859    137518.4717    136477.5161    135515.0225    134473.9847    133513.6115    132475.0144    131514.8584    130475.7557    129517.5332    128480.6975    127522.6841    126483.2106    125522.5517    124481.5183    123518.0805    122477.5909    121518.7205    120479.9438
         1.3255        -0.2087    149518.2811    148479.0248    147519.6241    146477.6394    145512.8062    144471.9011    143512.8638    142475.4947    141515.6088    140476.2920    139515.6677    138476.6893    137515.5751    136474.4649    135512.1619    134473.1818    133516.0420    132480.8466    131522.5353    130483.0972    129522.2813    128483.6399    127523.5152    126483.0807    125520.4223    124479.8121    123518.2463    122479.0385    121519.7924    120480.1705
         1.5665        -0.2087    149519.1190    148477.2404    147513.9267    146471.3647    145509.1419    144468.6008    143507.6023    142469.4526    141512.5103    140477.2523    139521.2152    138484.1047    137524.2026    136483.2167    135520.5919    134479.3146    133516.7425    132474.7908    131510.8455    130468.9193    129508.9842    128472.6150    127517.0532    126481.4676    125523.7730    124484.5159    123522.2125    122481.2913    121520.3760    120480.3813
        -1.4460        -0.4174    149518.5387    148474.0886    147509.7693    146468.0094    145507.2283    144469.5715    143512.2410    142476.0401    141518.8442    140481.2581    139522.1110    138482.7540    137521.2346    136479.7004    135517.0045    134476.0572    133515.1384    132475.3927    131514.4873    130474.8404    129515.6576    128478.4992    127520.7635    126483.1361    125524.1591    124484.8483    123523.0331    122481.4626    121520.0877    120480.3372
        -1.2050        -0.4174    149516.0289    148472.4253    147508.7873    146465.7649    145503.1063    144466.6880    143512.3898    142479.0953    141521.9514    140483.9703    139523.3760    138483.5391    137520.7546    136477.6221    135512.7082    134471.5160    133512.8226    132477.4669    131518.9409    130479.2790    129516.9601    128477.4629    127518.3011    126480.2532    125521.5988    124484.3368    123524.7085    122485.4395    121523.2987    120481.3833
        -0.9640        -0.4174    149520.4802    148480.0590    147517.9221    146472.2444    145507.6878    144467.5811    143511.8656    142475.2755    141516.3644    140476.0438    139517.3111    138480.2455    137523.4231    136483.1218    135520.0867    134476.7547    133514.6498    132474.4516    131514.0401    130473.9376    129516.4658    128479.5825    127522.0303    126481.5716    125521.6046    124482.1298    123521.1611    122479.8818    121519.2922    120479.3079
        -0.7230        -0.4174    149518.0243    148478.8056    147518.6733    146474.0666    145506.9564    144466.3630    143508.9709    142473.1261    141514.2621    140475.7244    139515.8543    138477.6023    137516.6711    136474.6123    135510.5032    134469.7631    133511.2755    132475.6899    131517.2103    130478.6346    129520.0750    128483.5360    127523.2962    126481.0450    125518.5313    124481.1325    123522.7724    122484.5937    121525.2214    120483.0917
        -0.4820        -0.4174    149523.2174    148487.6066    147523.7463    146472.4069    145501.0842    144460.2835    143508.2739    142478.9399    141526.4401    140490.0990    139529.5267    138487.9064    137525.1326    136482.0545    135516.1318    134470.7141    133506.2533    132466.0993    131507.3473    130470.2194    129514.1689    128479.6509    127524.0131    126485.5734    125525.4427    124487.3717    123528.0049    122487.1971    121524.7282    120481.8288
        -0.2410        -0.4174    149521.5233    148484.7606    147523.3437    146478.3648    145510.4659    144469.4168    143511.8148    142476.5229    141517.2321    140477.9920    139518.3474    138481.8144    137524.4610    136485.2698    135519.9639    134475.1098    133512.0683    132474.5703    131516.3000    130477.6901    129516.8689    128479.1975    127521.1651    126483.2980    125522.7213    124484.1546    123523.1196    122482.9283    121522.7816    120482.0505
         0.0000        -0.4174    149521.4459    148482.5983    147518.1066    146470.2470    145504.2209    144465.6205    143511.1688    142475.9729    141517.9637    140480.1997    139523.1923    138487.4206    137529.6705    136487.9371    135520.8133    134473.9184    133508.7448    132468.1644    131507.6271    130468.2064    129511.1066    128477.0716    127522.4698    126484.7132    125526.0307    124488.7816    123528.5555    122486.0919    121522.4841    120480.4762
         0.2410        -0.4174    149522.0281    148488.0076    147526.7406    146477.4107    145503.5874    144459.0112    143502.6257    142471.0621    141516.7581    140480.5561    139520.8547    138481.5252    137519.7145    136477.8181    135511.6526    134468.1876    133508.1440    132473.5102    131516.9639    130477.9047    129514.4572    128474.3053    127515.9747    126478.5946    125519.9958    124483.3979    123524.6929    122485.7972    121524.1483    120481.7469
         0.4820        -0.4174    149522.2149    148483.7278    147520.5037    146472.3364    145505.8898    144467.6508    143515.4777    142482.4182    141525.0784    140483.5612    139520.1494    138477.7638    137516.2192    136474.7381    135512.6634    134472.4106    133514.6721    132478.4190    131520.7418    130481.0793    129521.6623    128483.3718    127524.4062    126483.4054    125522.7503    124483.2659    123521.8927    122480.0989    121519.4053    120479.4001
         0.7230        -0.4174    149519.5471    148479.8105    147516.8735    146472.8058    145509.5353    144474.3196    143520.8246    142486.3887    141525.2481    140482.9686    139519.7159    138480.1419    137519.9139    136479.8612    135516.2738    134474.9782    133514.9145    132478.3008    131519.4591    130481.0711    129522.1134    128486.5439    127527.9298    126486.6881    125521.6872    124479.8109    123517.7367    122478.4999    121519.2355    120480.2926
         0.9640        -0.4174    149520.8591    148482.7499    147521.4729    146476.6267    145511.3254    144471.8111    143514.5457    142477.3890    141517.4126    140477.4493    139517.7079    138479.3282    137519.1697    136477.4105    135513.5980    134472.1578    133512.7079    132475.6287    131517.5343    130480.0523    129523.6458    128488.5878    127530.5635    126489.4079    125526.0974    124483.8353    123520.0447    122478.8496    121519.0107    120479.6907
         1.2050        -0.4174    149519.7313    148475.7452    147511.3885    146466.6185    145504.7759    144465.6151    143509.2056    142472.3379    141514.9603    140476.6273    139519.1023    138480.8333    137521.7967    136480.1867    135517.6878    134475.5036    133515.3235    132475.9983    131516.7982    130476.9312    129517.9437    128479.0044    127519.6663    126478.5887    125518.8371    124479.4925    123520.7580    122480.9345    121520.3084    120479.6744
         1.4460        -0.4174    149521.1995    148483.7913    147523.0372    146478.7343    145510.5608    144466.0748    143505.6910    142469.7056    141514.0769    140478.3208    139519.9654    138481.1466    137518.8340    136476.7462    135512.9884    134472.1467    133512.1708    132474.5460    131516.8196    130480.2555    129523.2392    128486.2095    127526.0342    126484.8091    125522.4272    124481.5708    123519.9856    122480.0250    121519.6701    120480.4172
        -1.3255        -0.6261    149519.1456    148477.6849    147518.3587    146479.0084    145517.6524    144476.8713    143515.1517    142473.7127    141512.1899    140472.0174    139513.5126    138475.8984    137516.7940    136475.8907    135513.1489    134471.9792    133513.4016    132477.2582    131521.7846    130485.8994    129528.3614    128489.3306    127527.2664    126484.2836    125521.8835    124480.8366    123519.7279    122479.5542    121520.4401    120480.5766
        -1.0845        -0.6261    149515.9670    148472.2836    147511.1717    146470.4282    145509.4187    144470.5541    143512.6303    142475.4079    141516.6803    140478.9414    139520.3481    138481.8017    137520.1395    136476.0354    135509.8071    134466.9695    133507.8655    132473.1514    131517.0523    130479.9335    129521.4602    128484.2500    127525.9008    126485.5258    125523.3365    124482.5681    123521.3854    122481.9102    121521.8053    120481.0551
        -0.8435        -0.6261    149520.9563    148485.5822    147524.0299    146478.1121    145509.9905    144468.7371    143510.4374    142474.3631    141514.8117    140477.0490    139517.7062    138481.2870    137521.8183    136481.3772    135516.8189    134475.1034    133513.8771    132477.0073    131516.7015    130476.9481    129515.5208    128477.6944    127518.9374    126480.8550    125521.1188    124483.6857    123521.8566    122481.0377    121519.2266    120479.6872
        -0.6025        -0.6261    149517.4139    148478.4218    147517.4063    146474.0627    145507.6809    144466.9526    143508.5911    142474.3698    141517.2355    140480.2140    139520.2779    138482.3720    137522.1488    136481.3938    135516.2775    134473.3562    133511.4697    132474.7025    131515.5595    130476.5902    129514.7708    128475.9591    127516.7733    126479.1066    125519.4549    124481.6140    123520.0841    122480.9773    121520.4746    120480.4679
        -0.3615        -0.6261    149519.2636    148479.6661    147518.9432    146475.3628    145511.5195    144474.2893    143518.7955    142481.1740    141518.4640    140477.1932    139519.4539    138485.1265    137528.4436    136486.1621    135517.7971    134471.9601    133511.4800    132476.3395    131519.1560    130478.9441    129517.4011    128478.8290    127519.1783    126477.7452    125515.8606    124478.0588    123519.1834    122478.9962    121518.6930    120479.4602
        -0.1205        -0.6261    149519.1093    148480.5087    147521.4767    146480.1056    145515.5954    144474.7661    143513.6402    142474.6393    141514.9320    140477.3686    139520.0212    138483.7617    137524.7875    136484.0458    135519.8266    134478.0347    133517.8180    132481.0358    131520.9703    130480.3847    129518.7272    128480.6889    127522.1938    126483.1019    125522.2687    124483.3648    123522.6455    122483.1108    121522.4504    120481.2669
         0.1205        -0.6261    149514.7753    148470.5699    147506.6648    146463.9522    145502.0583    144466.4162    143512.6217    142477.7894    141516.3782    140474.4047    139511.7647    138473.1423    137514.3897    136475.1660    135512.5574    134472.6454    133514.2383    132479.3602    131520.7186    130481.0244    129519.5026    128481.6021    127522.5620    126483.0972    125521.7175    124483.0245    123521.9082    122481.7068    121521.5219    120481.3145
         0.3615        -0.6261    149522.4344    148485.8560    147522.0118    146475.3990    145509.3010    144468.6987    143510.3359    142475.0170    141518.8436    140482.6134    139523.4812    138483.8992    137522.9747    136481.9314    135516.5181    134471.0808    133505.4155    132465.4682    131508.1229    130472.9593    129517.8219    128483.7538    127527.8612    126489.4991    125526.5226    124484.5544    123521.6241    122481.0980    121521.0245    120480.8996
         0.6025        -0.6261    149520.2141    148483.2703    147523.4276    146478.1787    145509.7990    144468.1535    143511.9283    142476.4603    141517.4402    140476.7564    139515.0407    138475.7189    137517.2506    136478.6921    135518.1886    134478.5425    133519.4824    132481.7125    131520.9844    130478.6328    129516.4811    128477.6049    127518.3509    126477.5511    125516.4954    124479.1431    123521.7852    122483.2426    121522.5895    120480.9424
         0.8435        -0.6261    149518.2347    148478.1647    147519.1865    146477.5329    145512.7455    144470.7118    143512.7246    142478.0975    141523.7813    140487.3518    139527.5702    138486.3923    137523.7340    136481.1620    135517.6635    134475.9493    133514.8064    132475.9453    131516.0301    130476.1212    129516.7074    128478.7907    127520.8383    126481.6101    125522.3174    124483.9177    123523.7139    122483.1354    121522.1149    120480.9785
         1.0845        -0.6261    149520.6768    148481.9523    147524.3865    146484.4997    145521.2799    144478.5796    143517.1311    142478.8847    141520.6038    140481.8526    139521.6518    138481.2402    137519.7752    136477.8828    135515.8009    134475.4277    133516.3171    132478.1327    131518.6075    130478.7755    129519.4014    128481.2258    127521.9760    126481.5859    125519.1084    124476.6653    123514.4744    122475.3586    121517.4432    120479.2137
         1.3255        -0.6261    149519.2874    148476.8525    147514.0513    146472.5498    145511.6775    144472.2085    143511.5951    142472.2563    141512.7063    140473.9256    139514.0719    138474.5397    137514.0105    136474.1370    135513.8868    134475.1151    133516.7084    132479.5225    131521.6360    130483.6728    129523.8311    128483.7927    127521.9297    126481.2785    125522.3608    124484.6847    123524.7263    122483.8415    121521.0220    120480.1226
        -1.2050        -0.8348    149521.8160    148483.5396    147522.5281    146479.5047    145515.4055    144474.1251    143514.8475    142475.6879    141515.4053    140475.4350    139516.5914    138479.0842    137521.3721    136482.1056    135520.8894    134480.0532    133520.1075    132481.8729    131522.8600    130483.2653    129522.8883    128483.6589    127524.9339    126485.8173    125525.8583    124485.1314    123523.5932    122482.1646    121519.9180    120479.2924
        -0.9640        -0.8348    149519.5454    148478.8743    147518.9351    146479.8805    145519.3653    144478.8899    143517.3047    142476.2582    141515.0220    140476.5382    139518.7490    138481.7214    137521.2924    136478.5464    135513.7187    134472.4708    133514.4929    132479.1805    131521.3471    130481.9640    129522.4969    128485.4093    127526.8756    126486.1039    125522.3263    124480.6588    123519.7637    122480.5788    121520.7423    120480.5753
        -0.7230        -0.8348    149518.9640    148479.7102    147522.0393    146480.3652    145515.2245    144472.2450    143511.7224    142472.9775    141513.5858    140475.0909    139516.3642    138478.1758    137518.4612    136476.9689    135515.1705    134475.4935    133518.3237    132482.2303    131524.0988    130484.4705    129524.6291    128485.1547    127523.7118    126481.4020    125519.8616    124480.1485    123517.8425    122475.9235    121516.0693    120477.8841
        -0.4820        -0.8348    149516.7650    148473.1159    147510.7922    146468.0576    145504.7795    144464.8504    143506.9372    142471.4393    141515.5991    140479.1239    139520.8690    138481.7404    137521.5325    136481.4699    135520.5104    134480.7985    133519.7720    132479.3044    131516.7491    130474.8089    129514.5022    128476.1727    127517.6053    126478.3743    125518.8576    124480.9429    123522.3230    122484.7740    121525.5418    120483.1876
        -0.2410        -0.8348    149517.4915    148475.0631    147515.3626    146474.5454    145513.4811    144475.5207    143519.4908    142483.3136    141524.4308    140483.9569    139522.9581    138482.4778    137520.8591    136477.2673    135511.4039    134467.7560    133507.9944    132471.9111    131515.9830    130478.2977    129519.5328    128481.0769    127521.3680    126480.2358    125519.1289    124479.3952    123519.1074    122479.5520    121520.6649    120480.7506
         0.0000        -0.8348    149520.0192    148482.1882    147523.8583    146480.6640    145513.5590    144470.6943    143512.1245    142475.2609    141517.2373    140478.3472    139519.4819    138480.7502    137520.4394    136478.0506    135513.9526    134472.3800    133513.1521    132476.1407    131518.0102    130479.9695    129523.2648    128487.5370    127528.8094    126486.7915    125524.4242    124484.4604    123524.0923    122483.4894    121522.3414    120480.5748
         0.2410        -0.8348    149519.1407    148478.4145    147516.5278    146470.9421    145503.5296    144460.8518    143502.5903    142468.3743    141515.1143    140480.7841    139523.8438    138484.7924    137524.3106    136482.6150    135517.8455    134472.9187    133508.3258    132467.6336    131508.4981    130470.8415    129513.9749    128479.1093    127523.9226    126487.2907    125530.0940    124493.6396    123533.9425    122491.5621    121527.0651    120482.2947
         0.4820        -0.8348    149516.9168    148477.4853    147519.6612    146479.4934    145514.4035    144472.4408    143513.2842    142477.0668    141518.1876    140478.4053    139516.0741    138475.8014    137514.4939    136474.4446    135513.4176    134475.0422    133516.1369    132478.0041    131516.2461    130475.4336    129515.8578    128479.8036    127522.6021    126485.2858    125526.0322    124487.9830    123527.0234    122487.3129    121525.5883    120482.4099
         0.7230        -0.8348    149523.1332    148485.5473    147523.3593    146479.1415    145515.2727    144474.9023    143515.5651    142475.8690    141514.9650    140476.3354    139519.5367    138484.3948    137526.4870    136485.2396    135520.5201    134477.9222    133517.3973    132479.1191    131518.5063    130477.4415    129517.6580    128480.8847    127522.0105    126480.5998    125518.3662    124479.3644    123520.9774    122483.1331    121522.8719    120481.6429
         0.9640        -0.8348    149520.1270    148481.6850    147520.6899    146477.0230    145512.9597    144473.2425    143515.5421    142478.5826    141518.9368    140479.6466    139519.7444    138480.8912    137520.2677    136478.7925    135516.3401    134476.5389    133517.6301    132479.8656    131518.8940    130477.6619    129516.5470    128477.9501    127518.4625    126478.9098    125518.9255    124480.0814    123518.8041    122478.1126    121517.1085    120478.4845
         1.2050        -0.8348    149517.4299    148474.7942    147513.1345    146471.3756    145508.4504    144469.0744    143512.1502    142477.2817    141520.6458    140482.1627    139520.6363    138478.4877    137514.9344    136472.2701    135509.5186    134469.6799    133511.4007    132475.1149    131517.3397    130478.0940    129516.9733    128476.8648    127517.2020    126478.8047    125519.3156    124479.2054    123516.8251    122476.6499    121517.9803    120479.7401
        -1.0845        -1.0436    149522.7608    148482.7367    147517.8633    146473.2120    145511.0047    144472.0957    143513.0757    142472.5255    141510.4655    140469.7685    139511.6100    138475.0934    137518.1002    136479.6178    135519.5248    134480.6951    133522.8186    132485.6252    131526.1162    130484.7240    129521.9134    128480.2173    127519.3109    126479.2563    125519.2817    124479.4192    123519.1020    122479.0882    121518.4984    120479.3277
        -0.8435        -1.0436    149517.9468    148477.4151    147516.5754    146473.6941    145507.2271    144464.8849    143506.7751    142472.7006    141517.2386    140479.9443    139518.4353    138476.7074    137513.9971    136473.2305    135512.6637    134474.6330    133517.1075    132481.1537    131523.5715    130485.4206    129525.4082    128485.8319    127523.7684    126481.9941    125519.9833    124480.8685    123521.7107    122483.2341    121521.7701    120480.3049
        -0.6025        -1.0436    149518.5106    148475.5054    147509.2040    146466.0571    145505.2880    144469.9582    143513.9909    142478.3293    141518.4303    140480.4725    139521.6883    138485.2544    137524.6144    136482.2153    135515.3684    134472.2582    133511.2029    132474.7266    131514.9983    130475.1561    129513.0118    128474.9985    127517.0251    126480.6037    125521.5134    124482.7214    123519.9495    122480.1590    121519.6815    120480.7014
        -0.3615        -1.0436    149519.8048    148480.8068    147518.6414    146472.6117    145505.9420    144465.6671    143510.2810    142476.7339    141520.3144    140481.7593    139520.5741    138479.6160    137517.6817    136475.8179    135513.2944    134473.0807    133515.1721    132479.7883    131522.6448    130484.1543    129523.0466    128482.1731    127519.5440    126477.0263    125515.7353    124477.3475    123518.0637    122478.8498    121518.4700    120478.7985
        -0.1205        -1.0436    149520.7894    148479.1091    147514.1910    146468.1986    145504.6237    144467.9389    143515.3132    142482.8463    141526.4750    140487.7338    139526.9259    138486.4250    137523.8295    136479.5454    135512.5407    134467.8655    133506.6720    132469.6495    131512.0464    130473.9506    129514.9521    128478.0633    127520.6998    126481.8843    125521.8899    124482.8183    123522.7628    122483.9723    121524.5219    120483.1398
         0.1205        -1.0436    149521.7985    148484.8087    147523.4355    146477.9766    145509.2583    144466.3406    143506.5930    142469.9801    141512.3282    140475.4536    139518.0380    138481.5642    137521.4833    136479.3131    135513.5063    134470.6428    133510.6465    132473.8999    131514.3464    130473.9170    129513.0876    128476.6674    127520.1550    126482.8587    125523.3065    124485.3543    123525.3334    122485.7354    121524.2536    120481.9147
         0.3615        -1.0436    149518.3331    148477.9941    147515.2236    146470.4427    145505.9390    144466.6798    143510.3833    142474.9396    141517.7204    140480.1450    139521.6746    138484.0450    137524.4988    136483.8751    135519.8108    134476.4419    133512.6537    132470.9882    131508.2326    130466.6639    129506.3938    128469.7907    127513.9901    126478.7485    125522.9007    124487.2359    123528.1011    122487.6398    121525.1876    120481.9438
         0.6025        -1.0436    149518.8896    148479.1944    147520.4714    146478.9197    145514.7367    144471.6110    143511.5417    142474.2841    141516.9509    140478.9960    139518.7657    138478.6516    137517.6501    136476.8273    135515.8106    134475.8722    133516.6820    132477.6712    131516.8404    130475.4783    129515.1202    128477.3528    127519.4350    126481.0686    125521.2980    124481.8293    123520.7386    122480.0847    121519.7797    120479.6761
         0.8435        -1.0436    149518.1216    148477.5196    147519.3804    146479.9590    145516.8872    144473.1911    143510.1704    142470.3416    141511.9950    140474.7678    139517.2990    138479.7115    137520.6590    136480.7601    135518.9894    134478.3494    133518.2200    132479.4617    131519.3658    130478.4929    129516.9755    128477.2938    127518.4311    126480.4310    125522.2926    124484.0619    123523.7472    122483.1746    121521.7843    120480.5195
         1.0845        -1.0436    149517.9068    148477.0742    147518.2104    146479.9413    145518.8461    144477.5497    143515.6102    142475.9119    141515.7263    140476.6234    139516.4648    138476.7742    137515.9847    136475.9280    135515.8380    134478.4656    133521.1580    132484.1104    131523.8044    130482.6051    129520.7745    128480.9953    127520.2875    126479.9871    125518.8863    124479.3226    123518.9471    122479.4915    121519.0506    120479.7830
        -0.9640        -1.2523    149517.7445    148474.3657    147511.8146    146470.8693    145510.5187    144471.3482    143511.5674    142472.2669    141512.2088    140472.7014    139513.4004    138474.6365    137514.9620    136475.5072    135514.7284    134476.1025    133518.0420    132481.8572    131524.7370    130486.4340    129526.6478    128486.4683    127525.5358    126484.2941    125522.0131    124480.4731    123519.6205    122479.9266    121520.4635    120481.1628
        -0.7230        -1.2523    149518.7566    148475.6926    147513.6419    146472.7902    145513.0814    144474.8671    143516.0252    142476.5823    141514.7513    140473.5510    139513.0901    138474.2931    137515.5135    136476.0010    135515.7754    134476.7808    133518.1807    132480.2343    131520.3557    130480.4220    129521.0533    128482.9365    127523.3358    126482.0859    125519.5966    124477.8933    123516.8090    122476.9461    121516.8559    120478.5783
        -0.4820        -1.2523    149519.2742    148476.0972    147515.2212    146473.2401    145508.5548    144464.4377    143503.7253    142467.0907    141513.0515    140477.6187    139520.6078    138480.7914    137519.2676    136476.4594    135513.3125    134471.5034    133512.4602    132475.8694    131520.8766    130485.1965    129528.2799    128488.8228    127527.2956    126483.9863    125521.6119    124480.4853    123520.1963    122480.0006    121519.7027    120479.6959
        -0.2410        -1.2523    149519.5675    148482.6154    147525.3544    146484.9432    145521.3400    144480.7679    143521.2765    142482.8978    141519.7233    140477.2360    139514.3825    138475.5191    137516.7740    136478.1006    135517.0370    134477.1502    133516.6493    132478.2753    131517.5790    130478.5542    129518.4303    128479.4535    127517.5301    126475.6691    125514.3425    124475.6614    123514.1600    122474.2776    121514.4519    120477.7122
         0.0000        -1.2523    149520.4078    148481.4842    147520.7278    146477.1137    145511.2847    144468.1395    143507.9617    142469.8457    141511.1448    140472.1049    139512.5114    138473.9516    137515.2374    136476.5710    135516.4935    134476.7076    133517.1604    132479.0707    131520.6324    130482.1966    129522.7617    128483.3194    127523.0391    126482.5712    125522.0732    124482.2754    123521.2573    122480.9239    121520.6949    120480.5709
         0.2410        -1.2523    149516.9844    148472.5414    147509.3042    146468.6503    145511.3402    144476.2837    143520.2270    142482.8188    141522.1772    140480.9946    139518.9757    138478.4390    137517.3291    136476.4886    135514.5907    134474.0545    133513.6869    132474.5897    131514.7412    130475.7549    129517.5003    128480.4679    127522.3690    126483.6359    125523.4550    124482.9650    123520.5794    122480.2824    121519.9714    120479.9628
         0.4820        -1.2523    149518.9499    148479.2581    147518.1927    146475.1121    145510.5381    144468.9330    143507.5166    142467.9924    141508.1380    140470.4776    139513.6756    138478.0934    137521.0240    136483.0213    135521.7458    134481.3208    133520.3115    132481.2510    131520.2202    130478.9173    129516.0267    128475.5089    127515.3795    126477.1518    125518.9545    124481.8339    123522.0736    122482.5581    121522.1452    120481.3042
         0.7230        -1.2523    149520.3636    148481.6781    147521.1377    146478.9424    145512.9504    144469.5518    143508.4652    142471.7104    141514.4460    140477.7683    139518.1631    138478.5667    137516.1118    136474.1448    135511.1601    134471.2295    133511.5950    132473.5728    131513.4165    130473.7893    129513.6771    128475.5269    127516.0317    126478.0542    125519.6343    124482.5991    123522.2847    122481.8832    121519.7020    120479.5448
         0.9640        -1.2523    149521.1095    148481.1878    147518.1442    146475.3641    145513.5502    144474.3007    143516.7865    142479.7623    141522.0360    140483.8692    139524.1150    138483.2952    137519.5918    136475.7576    135511.4456    134470.5580    133511.9395    132474.9227    131516.5145    130476.6385    129515.8732    128476.4996    127517.6956    126479.1490    125519.6222    124480.2236    123521.2446    122483.3381    121523.4621    120481.9392
        -0.6025        -1.4610    149518.2188    148475.1354    147510.4733    146468.0446    145507.1742    144470.7699    143514.6217    142478.5925    141518.2856    140476.9509    139513.2465    138471.4653    137510.2443    136471.7402    135514.0268    134478.5012    133522.0950    132485.8228    131526.0156    130485.9530    129523.6570    128482.2156    127518.6579    126475.5086    125512.0034    124471.3377    123511.3139    122474.3265    121515.9126    120478.7537
        -0.3615        -1.4610    149517.2822    148475.1099    147513.9916    146473.4056    145512.9269    144473.7200    143514.2375    142475.9729    141515.6981    140475.5936    139513.5952    138472.4137    137510.4495    136469.9464    135509.6272    134471.3264    133513.1565    132476.7625    131519.5853    130483.4878    129526.1583    128487.3565    127525.3290    126481.9799    125518.0736    124476.2698    123514.8785    122476.5981    121518.4228    120480.0003
        -0.1205        -1.4610    149517.4828    148476.0898    147516.0160    146474.6884    145511.9710    144469.2823    143508.3995    142470.8411    141514.9714    140478.7831    139520.4000    138481.0675    137520.2830    136479.5963    135518.3196    134477.6253    133516.7081    132477.0019    131516.9804    130477.6788    129517.5921    128476.2569    127513.4373    126470.8470    125510.3042    124471.8334    123513.6866    122477.0784    121519.9260    120480.6762
         0.1205        -1.4610    149519.9011    148482.1207    147521.5279    146479.7801    145516.5451    144476.0902    143516.2827    142477.5387    141516.7416    140476.8140    139515.5231    138476.1574    137514.8192    136474.3700    135512.4458    134473.1308    133513.7727    132476.5162    131517.5585    130479.4013    129519.6962    128480.4475    127519.2164    126478.9370    125518.7599    124479.6520    123517.3944    122477.0000    121516.5150    120478.8076
         0.3615        -1.4610    149520.5464    148481.4077    147522.5768    146481.7132    145518.0362    144474.1802    143511.7604    142472.2129    141513.6208    140474.8325    139515.1808    138475.1826    137514.7920    136474.6146    135514.6583    134476.0141    133518.0779    132480.6994    131522.3982    130483.2222    129522.7588    128481.5451    127519.3934    126477.4712    125516.2767    124476.1017    123516.8872    122478.6788    121519.7901    120480.0389
         0.6025        -1.4610    149523.1760    148486.1795    147523.7122    146478.9583    145513.7979    144471.9714    143511.3679    142472.3754    141513.4671    140475.4655    139517.4432    138479.0993    137519.0485    136478.7684    135517.0147    134477.0202    133516.2574    132476.5168    131515.0487    130474.0019    129513.9491    128475.7212    127518.3771    126480.5974    125521.5096    124482.4745    123522.4869    122483.0174    121521.8325    120481.0371
