 -1.446000e+00 -1.770000e+00  4.531137e+02
 -1.446000e+00 -1.652000e+00  4.529257e+02
 -1.446000e+00 -1.534000e+00  4.528144e+02
 -1.446000e+00 -1.416000e+00  4.528614e+02
 -1.446000e+00 -1.298000e+00  4.528614e+02
 -1.446000e+00 -1.180000e+00  4.530327e+02
 -1.446000e+00 -1.062000e+00  4.530513e+02
 -1.446000e+00 -9.440000e-01  4.532301e+02
 -1.446000e+00 -8.260000e-01  4.531931e+02
 -1.446000e+00 -7.080000e-01  4.532308e+02
 -1.446000e+00 -5.900000e-01  4.530531e+02
 -1.446000e+00 -4.720000e-01  4.529149e+02
 -1.446000e+00 -3.540000e-01  4.525970e+02
 -1.446000e+00 -2.360000e-01  4.524707e+02
 -1.446000e+00 -1.180000e-01  4.523733e+02
 -1.446000e+00 -7.771561e-16  4.525687e+02
 -1.446000e+00  1.180000e-01  4.526734e+02
 -1.446000e+00  2.360000e-01  4.528788e+02
 -1.446000e+00  3.540000e-01  4.528824e+02
 -1.446000e+00  4.720000e-01  4.530379e+02
 -1.446000e+00  5.900000e-01  4.530712e+02
 -1.446000e+00  7.080000e-01  4.532238e+02
 -1.446000e+00  8.260000e-01  4.531995e+02
 -1.446000e+00  9.440000e-01  4.533114e+02
 -1.446000e+00  1.062000e+00  4.532908e+02
 -1.446000e+00  1.180000e+00  4.533367e+02
 -1.446000e+00  1.298000e+00  4.532135e+02
 -1.446000e+00  1.416000e+00  4.532797e+02
 -1.446000e+00  1.534000e+00  4.532129e+02
 -1.446000e+00  1.652000e+00  4.532907e+02
 -1.446000e+00  1.770000e+00  4.532207e+02
 -1.205000e+00 -1.770000e+00  4.533102e+02
 -1.205000e+00 -1.652000e+00  4.530061e+02
 -1.205000e+00 -1.534000e+00  4.528262e+02
 -1.205000e+00 -1.416000e+00  4.526916e+02
 -1.205000e+00 -1.298000e+00  4.525304e+02
 -1.205000e+00 -1.180000e+00  4.527751e+02
 -1.205000e+00 -1.062000e+00  4.530145e+02
 -1.205000e+00 -9.440000e-01  4.533069e+02
 -1.205000e+00 -8.260000e-01  4.533061e+02
 -1.205000e+00 -7.080000e-01  4.533566e+02
 -1.205000e+00 -5.900000e-01  4.532103e+02
 -1.205000e+00 -4.720000e-01  4.531124e+02
 -1.205000e+00 -3.540000e-01  4.527281e+02
 -1.205000e+00 -2.360000e-01  4.524283e+02
 -1.205000e+00 -1.180000e-01  4.522112e+02
 -1.205000e+00 -7.771561e-16  4.523688e+02
 -1.205000e+00  1.180000e-01  4.525501e+02
 -1.205000e+00  2.360000e-01  4.528319e+02
 -1.205000e+00  3.540000e-01  4.528645e+02
 -1.205000e+00  4.720000e-01  4.530224e+02
 -1.205000e+00  5.900000e-01  4.530994e+02
 -1.205000e+00  7.080000e-01  4.532556e+02
 -1.205000e+00  8.260000e-01  4.532216e+02
 -1.205000e+00  9.440000e-01  4.533130e+02
 -1.205000e+00  1.062000e+00  4.533262e+02
 -1.205000e+00  1.180000e+00  4.533745e+02
 -1.205000e+00  1.298000e+00  4.532060e+02
 -1.205000e+00  1.416000e+00  4.532881e+02
 -1.205000e+00  1.534000e+00  4.532275e+02
 -1.205000e+00  1.652000e+00  4.533504e+02
 -1.205000e+00  1.770000e+00  4.533464e+02
 -9.640000e-01 -1.770000e+00  4.531672e+02
 -9.640000e-01 -1.652000e+00  4.530159e+02
 -9.640000e-01 -1.534000e+00  4.528667e+02
 -9.640000e-01 -1.416000e+00  4.528034e+02
 -9.640000e-01 -1.298000e+00  4.526772e+02
 -9.640000e-01 -1.180000e+00  4.529029e+02
 -9.640000e-01 -1.062000e+00  4.530141e+02
 -9.640000e-01 -9.440000e-01  4.532165e+02
 -9.640000e-01 -8.260000e-01  4.531567e+02
 -9.640000e-01 -7.080000e-01  4.532577e+02
 -9.640000e-01 -5.900000e-01  4.531871e+02
 -9.640000e-01 -4.720000e-01  4.532164e+02
 -9.640000e-01 -3.540000e-01  4.528627e+02
 -9.640000e-01 -2.360000e-01  4.525816e+02
 -9.640000e-01 -1.180000e-01  4.522089e+02
 -9.640000e-01 -7.771561e-16  4.522581e+02
 -9.640000e-01  1.180000e-01  4.523519e+02
 -9.640000e-01  2.360000e-01  4.526936e+02
 -9.640000e-01  3.540000e-01  4.528232e+02
 -9.640000e-01  4.720000e-01  4.530849e+02
 -9.640000e-01  5.900000e-01  4.531418e+02
 -9.640000e-01  7.080000e-01  4.533157e+02
 -9.640000e-01  8.260000e-01  4.532422e+02
 -9.640000e-01  9.440000e-01  4.533546e+02
 -9.640000e-01  1.062000e+00  4.533169e+02
 -9.640000e-01  1.180000e+00  4.533535e+02
 -9.640000e-01  1.298000e+00  4.531735e+02
 -9.640000e-01  1.416000e+00  4.533225e+02
 -9.640000e-01  1.534000e+00  4.532821e+02
 -9.640000e-01  1.652000e+00  4.533540e+02
 -9.640000e-01  1.770000e+00  4.532292e+02
 -7.230000e-01 -1.770000e+00  4.530185e+02
 -7.230000e-01 -1.652000e+00  4.528625e+02
 -7.230000e-01 -1.534000e+00  4.529261e+02
 -7.230000e-01 -1.416000e+00  4.530162e+02
 -7.230000e-01 -1.298000e+00  4.530005e+02
 -7.230000e-01 -1.180000e+00  4.530405e+02
 -7.230000e-01 -1.062000e+00  4.529480e+02
 -7.230000e-01 -9.440000e-01  4.529997e+02
 -7.230000e-01 -8.260000e-01  4.529562e+02
 -7.230000e-01 -7.080000e-01  4.530750e+02
 -7.230000e-01 -5.900000e-01  4.531380e+02
 -7.230000e-01 -4.720000e-01  4.531745e+02
 -7.230000e-01 -3.540000e-01  4.528663e+02
 -7.230000e-01 -2.360000e-01  4.525890e+02
 -7.230000e-01 -1.180000e-01  4.523208e+02
 -7.230000e-01 -7.771561e-16  4.523914e+02
 -7.230000e-01  1.180000e-01  4.524824e+02
 -7.230000e-01  2.360000e-01  4.526620e+02
 -7.230000e-01  3.540000e-01  4.527320e+02
 -7.230000e-01  4.720000e-01  4.529864e+02
 -7.230000e-01  5.900000e-01  4.531809e+02
 -7.230000e-01  7.080000e-01  4.533543e+02
 -7.230000e-01  8.260000e-01  4.532376e+02
 -7.230000e-01  9.440000e-01  4.532552e+02
 -7.230000e-01  1.062000e+00  4.532335e+02
 -7.230000e-01  1.180000e+00  4.532813e+02
 -7.230000e-01  1.298000e+00  4.532217e+02
 -7.230000e-01  1.416000e+00  4.533733e+02
 -7.230000e-01  1.534000e+00  4.533056e+02
 -7.230000e-01  1.652000e+00  4.533525e+02
 -7.230000e-01  1.770000e+00  4.532727e+02
 -4.820000e-01 -1.770000e+00  4.533466e+02
 -4.820000e-01 -1.652000e+00  4.532362e+02
 -4.820000e-01 -1.534000e+00  4.531642e+02
 -4.820000e-01 -1.416000e+00  4.528919e+02
 -4.820000e-01 -1.298000e+00  4.525661e+02
 -4.820000e-01 -1.180000e+00  4.527632e+02
 -4.820000e-01 -1.062000e+00  4.528707e+02
 -4.820000e-01 -9.440000e-01  4.530788e+02
 -4.820000e-01 -8.260000e-01  4.530717e+02
 -4.820000e-01 -7.080000e-01  4.531628e+02
 -4.820000e-01 -5.900000e-01  4.531470e+02
 -4.820000e-01 -4.720000e-01  4.531774e+02
 -4.820000e-01 -3.540000e-01  4.528133e+02
 -4.820000e-01 -2.360000e-01  4.525119e+02
 -4.820000e-01 -1.180000e-01  4.522343e+02
 -4.820000e-01 -7.771561e-16  4.523583e+02
 -4.820000e-01  1.180000e-01  4.524781e+02
 -4.820000e-01  2.360000e-01  4.526947e+02
 -4.820000e-01  3.540000e-01  4.526941e+02
 -4.820000e-01  4.720000e-01  4.529547e+02
 -4.820000e-01  5.900000e-01  4.531756e+02
 -4.820000e-01  7.080000e-01  4.533997e+02
 -4.820000e-01  8.260000e-01  4.532554e+02
 -4.820000e-01  9.440000e-01  4.532443e+02
 -4.820000e-01  1.062000e+00  4.532615e+02
 -4.820000e-01  1.180000e+00  4.533846e+02
 -4.820000e-01  1.298000e+00  4.532440e+02
 -4.820000e-01  1.416000e+00  4.533697e+02
 -4.820000e-01  1.534000e+00  4.533468e+02
 -4.820000e-01  1.652000e+00  4.534262e+02
 -4.820000e-01  1.770000e+00  4.534004e+02
 -2.410000e-01 -1.770000e+00  4.532689e+02
 -2.410000e-01 -1.652000e+00  4.529338e+02
 -2.410000e-01 -1.534000e+00  4.528157e+02
 -2.410000e-01 -1.416000e+00  4.529045e+02
 -2.410000e-01 -1.298000e+00  4.530144e+02
 -2.410000e-01 -1.180000e+00  4.533001e+02
 -2.410000e-01 -1.062000e+00  4.532583e+02
 -2.410000e-01 -9.440000e-01  4.530948e+02
 -2.410000e-01 -8.260000e-01  4.527939e+02
 -2.410000e-01 -7.080000e-01  4.529041e+02
 -2.410000e-01 -5.900000e-01  4.529842e+02
 -2.410000e-01 -4.720000e-01  4.531248e+02
 -2.410000e-01 -3.540000e-01  4.527827e+02
 -2.410000e-01 -2.360000e-01  4.524299e+02
 -2.410000e-01 -1.180000e-01  4.521916e+02
 -2.410000e-01 -7.771561e-16  4.524033e+02
 -2.410000e-01  1.180000e-01  4.526391e+02
 -2.410000e-01  2.360000e-01  4.528166e+02
 -2.410000e-01  3.540000e-01  4.526872e+02
 -2.410000e-01  4.720000e-01  4.528421e+02
 -2.410000e-01  5.900000e-01  4.531145e+02
 -2.410000e-01  7.080000e-01  4.534489e+02
 -2.410000e-01  8.260000e-01  4.533132e+02
 -2.410000e-01  9.440000e-01  4.531860e+02
 -2.410000e-01  1.062000e+00  4.530728e+02
 -2.410000e-01  1.180000e+00  4.532355e+02
 -2.410000e-01  1.298000e+00  4.531797e+02
 -2.410000e-01  1.416000e+00  4.533130e+02
 -2.410000e-01  1.534000e+00  4.533320e+02
 -2.410000e-01  1.652000e+00  4.534714e+02
 -2.410000e-01  1.770000e+00  4.534129e+02
  0.000000e+00 -1.770000e+00  4.529625e+02
  0.000000e+00 -1.652000e+00  4.527104e+02
  0.000000e+00 -1.534000e+00  4.525906e+02
  0.000000e+00 -1.416000e+00  4.527920e+02
  0.000000e+00 -1.298000e+00  4.530589e+02
  0.000000e+00 -1.180000e+00  4.534262e+02
  0.000000e+00 -1.062000e+00  4.534664e+02
  0.000000e+00 -9.440000e-01  4.532200e+02
  0.000000e+00 -8.260000e-01  4.528535e+02
  0.000000e+00 -7.080000e-01  4.528747e+02
  0.000000e+00 -5.900000e-01  4.529393e+02
  0.000000e+00 -4.720000e-01  4.531081e+02
  0.000000e+00 -3.540000e-01  4.528411e+02
  0.000000e+00 -2.360000e-01  4.525152e+02
  0.000000e+00 -1.180000e-01  4.522713e+02
  0.000000e+00 -7.771561e-16  4.524433e+02
  0.000000e+00  1.180000e-01  4.526604e+02
  0.000000e+00  2.360000e-01  4.528237e+02
  0.000000e+00  3.540000e-01  4.526175e+02
  0.000000e+00  4.720000e-01  4.526904e+02
  0.000000e+00  5.900000e-01  4.529200e+02
  0.000000e+00  7.080000e-01  4.533472e+02
  0.000000e+00  8.260000e-01  4.534464e+02
  0.000000e+00  9.440000e-01  4.534116e+02
  0.000000e+00  1.062000e+00  4.532661e+02
  0.000000e+00  1.180000e+00  4.532683e+02
  0.000000e+00  1.298000e+00  4.531621e+02
  0.000000e+00  1.416000e+00  4.533258e+02
  0.000000e+00  1.534000e+00  4.533664e+02
  0.000000e+00  1.652000e+00  4.534745e+02
  0.000000e+00  1.770000e+00  4.533912e+02
  2.410000e-01 -1.770000e+00  4.535714e+02
  2.410000e-01 -1.652000e+00  4.531509e+02
  2.410000e-01 -1.534000e+00  4.527379e+02
  2.410000e-01 -1.416000e+00  4.525292e+02
  2.410000e-01 -1.298000e+00  4.524969e+02
  2.410000e-01 -1.180000e+00  4.529145e+02
  2.410000e-01 -1.062000e+00  4.531505e+02
  2.410000e-01 -9.440000e-01  4.531482e+02
  2.410000e-01 -8.260000e-01  4.529596e+02
  2.410000e-01 -7.080000e-01  4.530004e+02
  2.410000e-01 -5.900000e-01  4.530219e+02
  2.410000e-01 -4.720000e-01  4.531378e+02
  2.410000e-01 -3.540000e-01  4.528547e+02
  2.410000e-01 -2.360000e-01  4.525820e+02
  2.410000e-01 -1.180000e-01  4.523637e+02
  2.410000e-01 -7.771561e-16  4.524849e+02
  2.410000e-01  1.180000e-01  4.526943e+02
  2.410000e-01  2.360000e-01  4.528580e+02
  2.410000e-01  3.540000e-01  4.527453e+02
  2.410000e-01  4.720000e-01  4.528179e+02
  2.410000e-01  5.900000e-01  4.529265e+02
  2.410000e-01  7.080000e-01  4.532187e+02
  2.410000e-01  8.260000e-01  4.532433e+02
  2.410000e-01  9.440000e-01  4.532429e+02
  2.410000e-01  1.062000e+00  4.531463e+02
  2.410000e-01  1.180000e+00  4.531764e+02
  2.410000e-01  1.298000e+00  4.531350e+02
  2.410000e-01  1.416000e+00  4.533168e+02
  2.410000e-01  1.534000e+00  4.533594e+02
  2.410000e-01  1.652000e+00  4.535318e+02
  2.410000e-01  1.770000e+00  4.535595e+02
  4.820000e-01 -1.770000e+00  4.531107e+02
  4.820000e-01 -1.652000e+00  4.528138e+02
  4.820000e-01 -1.534000e+00  4.527231e+02
  4.820000e-01 -1.416000e+00  4.527338e+02
  4.820000e-01 -1.298000e+00  4.528478e+02
  4.820000e-01 -1.180000e+00  4.531370e+02
  4.820000e-01 -1.062000e+00  4.532459e+02
  4.820000e-01 -9.440000e-01  4.532181e+02
  4.820000e-01 -8.260000e-01  4.530127e+02
  4.820000e-01 -7.080000e-01  4.531107e+02
  4.820000e-01 -5.900000e-01  4.531384e+02
  4.820000e-01 -4.720000e-01  4.532344e+02
  4.820000e-01 -3.540000e-01  4.529329e+02
  4.820000e-01 -2.360000e-01  4.525623e+02
  4.820000e-01 -1.180000e-01  4.523107e+02
  4.820000e-01 -7.771561e-16  4.524036e+02
  4.820000e-01  1.180000e-01  4.526210e+02
  4.820000e-01  2.360000e-01  4.528263e+02
  4.820000e-01  3.540000e-01  4.527752e+02
  4.820000e-01  4.720000e-01  4.528891e+02
  4.820000e-01  5.900000e-01  4.530266e+02
  4.820000e-01  7.080000e-01  4.532659e+02
  4.820000e-01  8.260000e-01  4.531920e+02
  4.820000e-01  9.440000e-01  4.531964e+02
  4.820000e-01  1.062000e+00  4.531929e+02
  4.820000e-01  1.180000e+00  4.533128e+02
  4.820000e-01  1.298000e+00  4.532597e+02
  4.820000e-01  1.416000e+00  4.533681e+02
  4.820000e-01  1.534000e+00  4.533792e+02
  4.820000e-01  1.652000e+00  4.534644e+02
  4.820000e-01  1.770000e+00  4.533854e+02
  7.230000e-01 -1.770000e+00  4.531333e+02
  7.230000e-01 -1.652000e+00  4.528772e+02
  7.230000e-01 -1.534000e+00  4.528578e+02
  7.230000e-01 -1.416000e+00  4.528297e+02
  7.230000e-01 -1.298000e+00  4.527990e+02
  7.230000e-01 -1.180000e+00  4.530017e+02
  7.230000e-01 -1.062000e+00  4.530617e+02
  7.230000e-01 -9.440000e-01  4.531312e+02
  7.230000e-01 -8.260000e-01  4.530232e+02
  7.230000e-01 -7.080000e-01  4.530499e+02
  7.230000e-01 -5.900000e-01  4.530380e+02
  7.230000e-01 -4.720000e-01  4.530707e+02
  7.230000e-01 -3.540000e-01  4.528064e+02
  7.230000e-01 -2.360000e-01  4.525800e+02
  7.230000e-01 -1.180000e-01  4.523900e+02
  7.230000e-01 -7.771561e-16  4.525415e+02
  7.230000e-01  1.180000e-01  4.527408e+02
  7.230000e-01  2.360000e-01  4.529822e+02
  7.230000e-01  3.540000e-01  4.530295e+02
  7.230000e-01  4.720000e-01  4.531429e+02
  7.230000e-01  5.900000e-01  4.532050e+02
  7.230000e-01  7.080000e-01  4.532608e+02
  7.230000e-01  8.260000e-01  4.530857e+02
  7.230000e-01  9.440000e-01  4.530559e+02
  7.230000e-01  1.062000e+00  4.530188e+02
  7.230000e-01  1.180000e+00  4.531201e+02
  7.230000e-01  1.298000e+00  4.530782e+02
  7.230000e-01  1.416000e+00  4.532632e+02
  7.230000e-01  1.534000e+00  4.533415e+02
  7.230000e-01  1.652000e+00  4.535269e+02
  7.230000e-01  1.770000e+00  4.535673e+02
  9.640000e-01 -1.770000e+00  4.533194e+02
  9.640000e-01 -1.652000e+00  4.529555e+02
  9.640000e-01 -1.534000e+00  4.527948e+02
  9.640000e-01 -1.416000e+00  4.528057e+02
  9.640000e-01 -1.298000e+00  4.527538e+02
  9.640000e-01 -1.180000e+00  4.529215e+02
  9.640000e-01 -1.062000e+00  4.529261e+02
  9.640000e-01 -9.440000e-01  4.530162e+02
  9.640000e-01 -8.260000e-01  4.529259e+02
  9.640000e-01 -7.080000e-01  4.530138e+02
  9.640000e-01 -5.900000e-01  4.530308e+02
  9.640000e-01 -4.720000e-01  4.531227e+02
  9.640000e-01 -3.540000e-01  4.529055e+02
  9.640000e-01 -2.360000e-01  4.527459e+02
  9.640000e-01 -1.180000e-01  4.525197e+02
  9.640000e-01 -7.771561e-16  4.526056e+02
  9.640000e-01  1.180000e-01  4.526062e+02
  9.640000e-01  2.360000e-01  4.527575e+02
  9.640000e-01  3.540000e-01  4.527341e+02
  9.640000e-01  4.720000e-01  4.529461e+02
  9.640000e-01  5.900000e-01  4.530774e+02
  9.640000e-01  7.080000e-01  4.532636e+02
  9.640000e-01  8.260000e-01  4.532186e+02
  9.640000e-01  9.440000e-01  4.532937e+02
  9.640000e-01  1.062000e+00  4.532887e+02
  9.640000e-01  1.180000e+00  4.533036e+02
  9.640000e-01  1.298000e+00  4.531419e+02
  9.640000e-01  1.416000e+00  4.532960e+02
  9.640000e-01  1.534000e+00  4.532534e+02
  9.640000e-01  1.652000e+00  4.533914e+02
  9.640000e-01  1.770000e+00  4.533490e+02
  1.205000e+00 -1.770000e+00  4.535989e+02
  1.205000e+00 -1.652000e+00  4.530933e+02
  1.205000e+00 -1.534000e+00  4.528888e+02
  1.205000e+00 -1.416000e+00  4.528416e+02
  1.205000e+00 -1.298000e+00  4.527628e+02
  1.205000e+00 -1.180000e+00  4.527654e+02
  1.205000e+00 -1.062000e+00  4.528147e+02
  1.205000e+00 -9.440000e-01  4.529774e+02
  1.205000e+00 -8.260000e-01  4.530395e+02
  1.205000e+00 -7.080000e-01  4.530759e+02
  1.205000e+00 -5.900000e-01  4.529972e+02
  1.205000e+00 -4.720000e-01  4.529743e+02
  1.205000e+00 -3.540000e-01  4.528178e+02
  1.205000e+00 -2.360000e-01  4.527747e+02
  1.205000e+00 -1.180000e-01  4.527357e+02
  1.205000e+00 -7.771561e-16  4.527824e+02
  1.205000e+00  1.180000e-01  4.527675e+02
  1.205000e+00  2.360000e-01  4.527778e+02
  1.205000e+00  3.540000e-01  4.527526e+02
  1.205000e+00  4.720000e-01  4.529036e+02
  1.205000e+00  5.900000e-01  4.530035e+02
  1.205000e+00  7.080000e-01  4.531216e+02
  1.205000e+00  8.260000e-01  4.531351e+02
  1.205000e+00  9.440000e-01  4.532177e+02
  1.205000e+00  1.062000e+00  4.532265e+02
  1.205000e+00  1.180000e+00  4.531844e+02
  1.205000e+00  1.298000e+00  4.530992e+02
  1.205000e+00  1.416000e+00  4.532909e+02
  1.205000e+00  1.534000e+00  4.533857e+02
  1.205000e+00  1.652000e+00  4.535360e+02
  1.205000e+00  1.770000e+00  4.534612e+02
  1.446000e+00 -1.770000e+00  4.535479e+02
  1.446000e+00 -1.652000e+00  4.532807e+02
  1.446000e+00 -1.534000e+00  4.530260e+02
  1.446000e+00 -1.416000e+00  4.528962e+02
  1.446000e+00 -1.298000e+00  4.526460e+02
  1.446000e+00 -1.180000e+00  4.526702e+02
  1.446000e+00 -1.062000e+00  4.526515e+02
  1.446000e+00 -9.440000e-01  4.528873e+02
  1.446000e+00 -8.260000e-01  4.529146e+02
  1.446000e+00 -7.080000e-01  4.530847e+02
  1.446000e+00 -5.900000e-01  4.530407e+02
  1.446000e+00 -4.720000e-01  4.531026e+02
  1.446000e+00 -3.540000e-01  4.529421e+02
  1.446000e+00 -2.360000e-01  4.528763e+02
  1.446000e+00 -1.180000e-01  4.526948e+02
  1.446000e+00 -7.771561e-16  4.527129e+02
  1.446000e+00  1.180000e-01  4.526173e+02
  1.446000e+00  2.360000e-01  4.527370e+02
  1.446000e+00  3.540000e-01  4.527371e+02
  1.446000e+00  4.720000e-01  4.529500e+02
  1.446000e+00  5.900000e-01  4.529949e+02
  1.446000e+00  7.080000e-01  4.531553e+02
  1.446000e+00  8.260000e-01  4.530790e+02
  1.446000e+00  9.440000e-01  4.532071e+02
  1.446000e+00  1.062000e+00  4.531852e+02
  1.446000e+00  1.180000e+00  4.533005e+02
  1.446000e+00  1.298000e+00  4.532918e+02
  1.446000e+00  1.416000e+00  4.534514e+02
  1.446000e+00  1.534000e+00  4.533541e+02
  1.446000e+00  1.652000e+00  4.534792e+02
  1.446000e+00  1.770000e+00  4.534566e+02
