      0.00      0.00   1080.5192   1089.6818   1095.9468   1100.0952   1103.0989   1105.3621   1106.9860   1108.2460   1109.2430   1109.8761   1110.2461   1110.3776   1110.4969   1110.3777   1110.1209   1109.8762   1109.3687   1108.7478   1107.9896   1107.1181   1105.9836   1104.8614   1103.4761   1101.7270   1099.8404   1097.5898   1094.7002   1090.8196   1085.1718   1076.9027
      0.00      0.00   1088.0415   1101.2158   1110.4897   1116.8950   1121.5284   1124.7946   1127.2963   1129.0578   1130.3056   1131.0640   1131.6848   1131.9416   1131.9356   1131.8164   1131.4341   1130.9386   1130.1803   1129.3088   1128.1743   1126.9266   1125.4161   1123.6670   1121.6550   1119.2792   1116.2642   1112.7598   1108.3658   1102.3539   1093.9479   1082.7951
      0.00      0.00   1108.3518   1137.6992   1161.1396   1177.8257   1188.9781   1196.5072   1201.5161   1204.6568   1206.5314   1207.5408   1207.9106   1207.6661   1207.0331   1206.0364   1204.6510   1203.0275   1201.0153   1198.7648   1196.1258   1193.1232   1189.6065   1185.4754   1180.7051   1175.0696   1168.1680   1159.7745   1148.8607   1134.6999   1116.2637   1095.0815
      0.00      0.00   1108.3518   1137.6993   1161.1400   1177.7007   1188.8532   1196.3821   1201.2656   1204.5315   1206.4060   1207.4152   1207.6599   1207.5409   1206.9078   1205.9110   1204.5258   1202.9020   1200.8900   1198.6395   1196.0003   1193.1231   1189.6065   1185.4753   1180.7052   1175.0696   1168.2933   1159.7744   1148.8606   1134.6998   1116.2639   1095.0818
      0.00      0.00   1088.0416   1101.2158   1110.4897   1116.8950   1121.4030   1124.6692   1127.1710   1128.8071   1130.0549   1130.9384   1131.4340   1131.8162   1131.8102   1131.6907   1131.3088   1130.8133   1130.1804   1129.3089   1128.1744   1126.9267   1125.4163   1123.6671   1121.6551   1119.2791   1116.3896   1112.8852   1108.3658   1102.4792   1094.0733   1082.7951
      0.00      0.00   1080.6449   1089.8076   1095.9473   1100.2210   1103.2246   1105.4879   1107.1119   1108.3720   1109.3690   1110.0020   1110.3722   1110.5037   1110.6230   1110.5037   1110.2469   1110.0023   1109.4946   1108.8740   1108.1156   1107.2441   1106.2349   1104.9874   1103.6023   1101.8533   1099.9664   1097.5906   1094.7009   1090.9458   1085.1723   1077.0288
      0.00      0.00   1080.5193   1089.8072   1095.9469   1100.0953   1103.0989   1105.3621   1107.1115   1108.2460   1109.2430   1109.8761   1110.2461   1110.5030   1110.4970   1110.3778   1110.2462   1109.8763   1109.3687   1108.7478   1107.9895   1107.1181   1106.1090   1104.8614   1103.4761   1101.8525   1099.8405   1097.5899   1094.7003   1090.9451   1085.1718   1077.0282
      0.00      0.00   1115.7486   1148.8571   1174.9308   1192.8705   1204.9006   1212.9310   1218.0654   1221.4567   1223.3312   1224.3403   1224.5850   1224.3405   1223.5821   1222.4600   1220.8242   1218.9496   1216.6868   1214.0602   1210.9197   1207.2901   1203.2721   1198.6396   1193.4930   1187.3561   1179.9530   1170.8069   1159.1412   1143.7266   1123.5354   1099.9709
      0.00      0.00   1127.9094   1167.1621   1197.5018   1217.9456   1231.6049   1240.5136   1246.2739   1250.0418   1252.1666   1253.3016   1253.6711   1253.4272   1252.5427   1251.1705   1249.4085   1247.1585   1244.1428   1240.7646   1236.9967   1232.8660   1228.2206   1222.9617   1216.9371   1209.9231   1201.3912   1190.9920   1177.4452   1159.7745   1136.1976   1108.4967
      0.00      0.00   1130.6678   1170.9226   1202.0107   1222.9595   1236.7450   1245.7783   1251.7902   1255.5578   1257.9339   1259.1939   1259.5637   1259.4447   1258.6862   1257.4387   1255.8026   1253.3014   1250.2863   1246.9076   1243.2655   1239.0093   1234.3642   1229.1048   1222.9554   1215.8155   1207.0332   1196.2575   1182.4602   1164.0369   1139.5831   1111.0038
      0.00      0.00   1129.2888   1166.5345   1192.3573   1209.0434   1219.8199   1227.2234   1232.3575   1235.8743   1238.3757   1239.8865   1240.7581   1241.1404   1241.0089   1240.3882   1239.3790   1237.8808   1235.8686   1233.3674   1230.3522   1226.8480   1222.9554   1218.5737   1213.3019   1207.2904   1199.8873   1190.7411   1178.8245   1162.6576   1139.9589   1111.5051
      0.00      0.00   1130.6677   1170.9225   1201.7640   1222.4579   1236.1179   1245.0258   1250.9125   1254.6801   1256.9308   1258.1909   1258.6863   1258.5670   1257.8086   1256.6865   1255.0504   1252.6746   1249.7848   1246.5314   1242.8895   1238.7585   1234.1134   1228.9795   1222.9554   1215.8156   1207.2840   1196.5082   1182.7110   1164.4129   1139.8336   1111.1290
      0.00      0.00   1128.0349   1167.4125   1197.7481   1218.1959   1231.7302   1240.6386   1246.3994   1250.0418   1252.1668   1253.3017   1253.6713   1253.4272   1252.5428   1251.2957   1249.5339   1247.1585   1244.2682   1240.8898   1237.1220   1232.9914   1228.3459   1223.2124   1217.1880   1210.1738   1201.7673   1191.2427   1177.8213   1160.0253   1136.4485   1108.6221
      0.00      0.00   1115.9992   1149.2333   1175.3067   1193.3720   1205.5276   1213.4326   1218.6922   1221.9582   1223.9581   1224.9673   1225.2119   1224.8420   1224.0836   1222.9616   1221.3256   1219.4512   1217.1882   1214.5617   1211.2959   1207.6662   1203.6481   1199.0156   1193.7438   1187.6069   1180.2038   1171.0576   1159.2665   1143.9773   1123.6606   1100.0964
      0.00      0.00   1080.6447   1089.8078   1096.0727   1100.2215   1103.2249   1105.4883   1107.2374   1108.4976   1109.3690   1110.0022   1110.3721   1110.6292   1110.6229   1110.5038   1110.3722   1110.0023   1109.4945   1108.8741   1108.1155   1107.2441   1106.1095   1104.9874   1103.4766   1101.8533   1099.9662   1097.5906   1094.7007   1090.9458   1085.1722   1077.0290
      0.00      0.00   1088.0414   1101.2160   1110.4899   1116.7699   1121.4032   1124.6695   1127.0457   1128.8073   1130.0549   1130.9387   1131.4340   1131.6910   1131.8103   1131.6910   1131.3087   1130.8134   1130.0550   1129.1834   1128.1742   1126.9267   1125.4160   1123.6670   1121.6549   1119.2792   1116.3896   1112.8854   1108.3658   1102.4793   1094.0731   1082.7952
      0.00      0.00   1127.9096   1167.0361   1197.3720   1217.8195   1231.2285   1240.1368   1245.8978   1249.5401   1251.7905   1252.9254   1253.1698   1252.9255   1252.1668   1250.9195   1249.1579   1246.9076   1243.8923   1240.5138   1236.8715   1232.7408   1228.0954   1222.9616   1216.9373   1210.0484   1201.5166   1191.1173   1177.6962   1160.0253   1136.3235   1108.6221
      0.00      0.00   1130.9185   1168.2896   1193.6110   1209.6700   1219.9452   1226.9725   1231.9815   1235.3727   1237.8743   1239.5104   1240.5074   1241.0151   1240.8836   1240.5137   1239.6299   1238.2569   1236.3702   1233.8688   1230.9792   1227.6002   1223.8329   1219.4511   1214.3049   1208.2931   1200.8902   1191.7440   1179.9530   1164.0367   1141.3381   1112.6336
      0.00      0.00   1120.6381   1147.1021   1163.8977   1174.3154   1181.0797   1185.9762   1189.6058   1192.4961   1194.7464   1196.5082   1197.7555   1198.6398   1199.1347   1199.3920   1199.2600   1198.6397   1197.7554   1196.6337   1194.9972   1192.9977   1190.6092   1187.6069   1183.9645   1179.5832   1174.3110   1167.6730   1159.2665   1147.8641   1131.1829   1108.4964
      0.00      0.00   1126.4049   1156.5055   1175.6831   1187.3546   1194.8708   1200.2687   1204.1486   1207.1643   1209.5400   1211.3020   1212.5492   1213.4334   1213.9283   1214.0604   1213.6776   1213.0575   1212.0478   1210.5501   1208.7882   1206.2874   1203.3970   1199.8935   1195.8749   1191.1175   1185.2183   1177.9536   1168.6692   1156.0132   1137.5766   1112.3831
      0.00      0.00   1126.2797   1156.0039   1174.5544   1185.4739   1192.4888   1197.2601   1200.8895   1203.7798   1206.1551   1207.9171   1209.4148   1210.4245   1211.0448   1211.3023   1211.1701   1210.8008   1209.9163   1208.6693   1207.0328   1204.9081   1202.2687   1199.0158   1195.2479   1190.7412   1185.2181   1178.3294   1169.1706   1156.7656   1138.2036   1112.8847
      0.00      0.00   1121.5157   1148.4810   1165.4021   1175.6943   1182.4587   1187.2296   1190.8596   1193.6243   1195.8749   1197.6366   1199.0094   1199.8935   1200.5140   1200.7709   1200.6394   1200.1441   1199.3855   1198.1380   1196.6272   1194.6275   1192.2391   1189.2365   1185.5946   1181.3383   1176.0664   1169.4281   1160.8964   1149.3684   1132.4368   1109.1233
      0.00      0.00   1131.0440   1168.6657   1194.1123   1210.1714   1220.5721   1227.5993   1232.6085   1235.9999   1238.5014   1240.0120   1241.0089   1241.5165   1241.5105   1241.0151   1240.1313   1238.7584   1236.8716   1234.3703   1231.3553   1228.1017   1224.2092   1219.8273   1214.6808   1208.5438   1201.2661   1192.1202   1180.2038   1164.1623   1141.3382   1112.7590
      0.00      0.00   1128.0351   1167.4120   1197.8775   1218.4459   1232.1059   1241.0140   1246.7751   1250.5426   1252.6681   1253.8027   1254.1729   1253.8029   1252.9193   1251.5463   1249.7849   1247.4091   1244.3940   1241.0152   1237.2479   1233.1167   1228.4718   1223.2124   1217.1884   1210.0485   1201.6425   1191.1174   1177.5709   1159.7743   1136.1979   1108.4963
      0.00      0.00   1088.0417   1101.3416   1110.6156   1117.0208   1121.6543   1124.9205   1127.4222   1129.1836   1130.4315   1131.3153   1131.8109   1132.0677   1132.0617   1131.9423   1131.5603   1131.0648   1130.3065   1129.4348   1128.4258   1127.0528   1125.5424   1123.7932   1121.7812   1119.2798   1116.3903   1112.8859   1108.3664   1102.4798   1093.9485   1082.7957
      0.00      0.00   1108.3519   1137.6989   1161.1397   1177.7002   1188.9783   1196.5071   1201.3911   1204.5315   1206.4062   1207.4153   1207.7856   1207.5409   1206.9080   1205.9109   1204.6512   1202.9019   1201.0154   1198.7646   1196.1258   1193.1229   1189.6065   1185.4751   1180.7052   1175.0694   1168.2934   1159.7744   1148.9864   1134.8254   1116.2641   1095.0817
      0.00      0.00   1130.5424   1170.7972   1201.6388   1222.3329   1235.9927   1244.9008   1250.7870   1254.5548   1256.8052   1258.1909   1258.5606   1258.4418   1257.8085   1256.6867   1255.0504   1252.6748   1249.7847   1246.5315   1242.8894   1238.7586   1234.1133   1228.9796   1222.9553   1215.8156   1207.2838   1196.5083   1182.7108   1164.4130   1139.8336   1111.1291
      0.00      0.00   1120.8884   1147.3532   1163.8981   1174.0653   1180.7040   1185.3498   1188.9789   1191.7440   1193.9940   1195.7560   1197.1286   1198.0129   1198.6331   1198.8906   1198.7584   1198.3891   1197.5046   1196.3830   1194.8718   1192.9978   1190.6091   1187.7322   1184.0899   1179.8340   1174.6871   1168.1745   1159.7678   1148.4909   1131.6841   1108.8727
      0.00      0.00   1129.9156   1164.1524   1186.4644   1199.8911   1208.4108   1214.0594   1218.1907   1221.3316   1223.8327   1225.7198   1227.0925   1228.1018   1228.7224   1228.8540   1228.5969   1227.9764   1226.9672   1225.4690   1223.2061   1220.5797   1217.4389   1213.5587   1209.0390   1203.4034   1196.1258   1186.6039   1174.1859   1159.1476   1138.0787   1111.0039
      0.00      0.00   1134.4288   1173.0535   1199.0016   1213.9325   1222.7032   1228.4769   1232.4831   1235.4983   1237.9998   1239.8865   1241.3850   1242.5196   1243.2655   1243.5224   1243.3910   1242.7703   1241.3850   1239.5106   1237.2478   1234.3702   1231.1044   1227.0987   1222.2032   1216.0662   1208.2871   1197.7619   1183.7140   1166.4189   1142.7173   1113.6365
      0.00      0.00   1132.2976   1169.2926   1193.1092   1206.5357   1214.4285   1219.5757   1223.2054   1226.2209   1228.5968   1230.6091   1232.2328   1233.3674   1234.2388   1234.6211   1234.7402   1234.2451   1233.4866   1231.8629   1229.8507   1227.3496   1224.2090   1220.5797   1216.3107   1210.9260   1204.2751   1195.5054   1183.8395   1167.7980   1144.7230   1115.5169
      0.00      0.00   1134.5543   1173.3045   1199.2527   1214.1836   1222.8288   1228.4772   1232.3578   1235.4985   1237.8744   1239.8866   1241.3849   1242.5195   1243.2654   1243.5222   1243.5161   1242.8956   1241.6358   1239.7615   1237.4987   1234.7467   1231.3554   1227.4750   1222.5791   1216.5676   1208.7884   1198.2633   1184.2155   1166.9205   1143.0935   1113.8877
      0.00      0.00   1130.0408   1164.2782   1186.7156   1200.1426   1208.6617   1214.3105   1218.4412   1221.5823   1224.0830   1225.9704   1227.3429   1228.3526   1228.8476   1229.1049   1228.8476   1228.2275   1227.2179   1225.5945   1223.3312   1220.7051   1217.5643   1213.6843   1209.1643   1203.5293   1196.2511   1186.7294   1174.1856   1159.1474   1138.0782   1111.0038
      0.00      0.00   1121.3902   1148.3555   1165.4024   1175.9453   1182.8353   1187.7313   1191.4866   1194.3766   1196.6273   1198.3887   1199.6364   1200.5201   1201.0155   1201.1471   1201.0155   1200.3948   1199.5109   1198.2632   1196.6272   1194.6274   1192.1138   1189.1111   1185.3439   1180.9622   1175.5649   1168.9265   1160.2697   1148.6161   1131.8101   1108.7470
      0.00      0.00   1130.7931   1171.1733   1202.2656   1223.2103   1237.1210   1246.1545   1252.1663   1255.9340   1258.1845   1259.4447   1259.9400   1259.6956   1258.9371   1257.6897   1256.0534   1253.4270   1250.5370   1247.1583   1243.3908   1239.2600   1234.4895   1229.2302   1223.0806   1215.9408   1207.1584   1196.3830   1182.4601   1164.1623   1139.5830   1111.0037
      0.00      0.00   1108.4772   1137.8250   1161.3910   1178.0772   1189.3552   1196.8843   1201.7677   1204.9083   1206.9081   1207.9175   1208.1620   1207.9176   1207.2846   1206.2879   1204.9024   1203.2789   1201.2666   1199.0162   1196.3772   1193.3745   1189.8578   1185.7267   1180.8310   1175.1957   1168.4193   1159.9003   1148.9867   1134.8260   1116.2645   1095.0825
      0.00      0.00   1108.3516   1137.6994   1161.2652   1177.9517   1189.2293   1196.7584   1201.6417   1204.7824   1206.6566   1207.6660   1208.0359   1207.7916   1207.1582   1206.1617   1204.7763   1203.1528   1201.1407   1198.8904   1196.2511   1193.2486   1189.6065   1185.4755   1180.7052   1175.0697   1168.2932   1159.7744   1148.8604   1134.6998   1116.2636   1095.0817
      0.00      0.00   1129.4141   1166.7850   1192.6120   1209.1684   1220.0706   1227.4740   1232.6084   1236.1251   1238.6267   1240.1373   1241.0091   1241.3912   1241.2599   1240.6390   1239.6299   1238.1315   1236.1194   1233.4927   1230.6029   1227.0985   1223.2060   1218.6988   1213.5526   1207.4154   1200.0125   1190.8666   1178.9502   1162.7831   1139.9593   1111.5053
      0.00      0.00   1126.2797   1156.0035   1174.5585   1185.4734   1192.3634   1197.2594   1200.8893   1203.7792   1206.0298   1207.9167   1209.2897   1210.2991   1210.9196   1211.3021   1211.1704   1210.6752   1209.9166   1208.6692   1207.0332   1204.9081   1202.1436   1199.0156   1195.2482   1190.7411   1185.2184   1178.2041   1169.1709   1156.7654   1138.2038   1112.8845
      0.00      0.00   1134.5544   1173.3045   1199.2524   1214.0582   1222.8286   1228.4772   1232.3577   1235.4986   1237.8744   1239.8867   1241.3849   1242.5197   1243.2654   1243.5224   1243.3909   1242.8957   1241.6356   1239.7614   1237.4984   1234.7465   1231.3551   1227.4749   1222.5790   1216.5677   1208.7884   1198.2635   1184.2155   1166.9206   1143.0934   1113.8876
      0.00      0.00   1134.4289   1173.3044   1199.0018   1213.5566   1222.2018   1227.8500   1231.8562   1234.8714   1237.3730   1239.3851   1241.0091   1242.2689   1243.1403   1243.5224   1243.5163   1243.0208   1241.8865   1240.1373   1238.0000   1235.2478   1231.9821   1227.9763   1222.8299   1216.0662   1206.2811   1189.7381   1165.9115   1147.9894   1126.1683   1100.0964
      0.00      0.00   1117.5036   1142.3382   1157.2536   1165.9161   1171.3012   1175.0693   1177.9466   1180.4606   1182.5854   1184.4724   1186.0958   1187.3561   1188.3526   1188.9859   1189.3556   1189.4874   1189.2301   1188.6099   1187.6004   1186.1025   1184.3407   1181.9651   1178.8243   1174.9445   1169.6723   1162.6580   1153.4993   1142.5984   1126.7950   1105.2369
      0.00      0.00   1118.0053   1143.0900   1158.6322   1167.6706   1173.4322   1177.4508   1180.5790   1183.2182   1185.3435   1187.2304   1188.7288   1189.9889   1190.8604   1191.4934   1191.7379   1191.7441   1191.3617   1190.6157   1189.4809   1187.9827   1185.9705   1183.3441   1180.0783   1175.9475   1170.5501   1163.2848   1154.0011   1142.9744   1127.0458   1105.4873
      0.00      0.00   1134.5542   1173.4303   1199.1272   1213.8077   1222.4525   1228.1011   1232.1067   1235.1224   1237.6235   1239.6361   1241.2595   1242.5198   1243.3908   1243.7733   1243.7668   1243.3973   1242.1370   1240.3883   1238.2505   1235.4988   1232.2326   1228.2273   1223.0804   1216.3172   1206.4061   1189.9891   1166.0365   1148.1148   1126.2934   1100.2218
      0.00      0.00   1134.4289   1173.1792   1199.1270   1214.0580   1222.9539   1228.6023   1232.6084   1235.6239   1238.1252   1240.0123   1241.5106   1242.6451   1243.3910   1243.6480   1243.3909   1242.8957   1241.5104   1239.6360   1237.2477   1234.4957   1231.1043   1227.0987   1222.2030   1216.1915   1208.4122   1197.7620   1183.7141   1166.4192   1142.7174   1113.6367
      0.00      0.00   1126.4049   1156.5053   1175.8081   1187.4798   1194.9962   1200.2689   1204.2743   1207.2901   1209.5402   1211.4275   1212.6745   1213.5590   1214.0538   1214.0605   1213.8031   1213.1828   1212.0478   1210.6753   1208.7882   1206.4127   1203.3970   1200.0187   1195.8748   1191.1173   1185.2180   1178.0787   1168.6692   1156.0133   1137.5769   1112.3833
      0.00      0.00   1129.4139   1166.7855   1192.7373   1209.2943   1220.1956   1227.5995   1232.7336   1236.2508   1238.7519   1240.2630   1241.1341   1241.5170   1241.3850   1240.7647   1239.7552   1238.2572   1236.2446   1233.6182   1230.6027   1227.2243   1223.3311   1218.8245   1213.6776   1207.5411   1200.1377   1190.9921   1178.9499   1162.7832   1139.9587   1111.6306
      0.00      0.00   1108.3519   1137.6995   1161.2654   1177.8263   1188.9789   1196.5079   1201.3916   1204.6575   1206.5321   1207.5414   1207.7860   1207.6668   1207.0339   1206.0371   1204.6517   1203.0282   1201.0159   1198.7654   1196.1265   1193.2490   1189.7324   1185.6014   1180.8310   1175.1957   1168.4193   1159.9003   1148.9868   1134.8261   1116.2646   1095.0825
      0.00      0.00   1088.0415   1101.2159   1110.6152   1117.0204   1121.5286   1124.9201   1127.2964   1129.0579   1130.3056   1131.1893   1131.6847   1131.9416   1132.0610   1131.8164   1131.4341   1130.9387   1130.1803   1129.3089   1128.2998   1127.0521   1125.5416   1123.6670   1121.6550   1119.2791   1116.2641   1112.7598   1108.3657   1102.3539   1093.9479   1082.7951
      0.00      0.00   1130.7931   1171.0482   1202.1361   1223.0850   1236.9955   1246.0289   1252.0406   1255.8083   1258.0588   1259.3192   1259.8144   1259.5702   1258.8116   1257.5643   1255.8026   1253.3016   1250.4117   1247.0329   1243.2653   1239.1345   1234.3640   1229.1048   1222.9552   1215.8156   1207.1584   1196.2576   1182.3349   1164.0368   1139.5828   1110.8785
      0.00      0.00   1126.4051   1156.5048   1175.6827   1187.4792   1194.9960   1200.2685   1204.2744   1207.2899   1209.5405   1211.3021   1212.6748   1213.4334   1213.9286   1214.0603   1213.8033   1213.0573   1212.0480   1210.5498   1208.7883   1206.2871   1203.3972   1199.8932   1195.8751   1190.9918   1185.2185   1177.9535   1168.6696   1156.0133   1137.5771   1112.3829
      0.00      0.00   1132.2975   1169.2928   1193.2347   1206.6615   1214.5544   1219.7015   1223.3309   1226.3464   1228.7222   1230.7347   1232.3580   1233.4929   1234.3639   1234.7466   1234.7402   1234.3704   1233.6117   1231.9885   1229.8506   1227.3496   1224.3342   1220.7050   1216.3106   1211.0514   1204.2748   1195.5052   1183.9644   1167.7980   1144.7231   1115.5172
      0.00      0.00   1118.5066   1143.9682   1159.7608   1168.9249   1174.8113   1178.8303   1181.9581   1184.5978   1186.8480   1188.6099   1190.1078   1191.3682   1192.3645   1192.8726   1193.2420   1193.1234   1192.7405   1191.9949   1190.8600   1189.2367   1187.2241   1184.7233   1181.3317   1177.0757   1171.5527   1164.2878   1154.8783   1143.7269   1127.5471   1105.7384
      0.00      0.00   1129.0381   1166.1582   1193.1092   1210.0459   1220.6972   1227.4739   1232.2323   1235.6236   1238.1251   1239.8866   1241.2598   1242.2689   1242.7643   1242.7704   1242.5136   1241.7674   1240.2568   1238.2569   1235.7433   1232.7405   1229.2240   1224.8420   1219.6957   1213.1826   1204.9019   1193.8755   1179.5769   1162.4071   1139.0818   1111.0039
      0.00      0.00   1109.1039   1129.5500   1142.4591   1150.3692   1155.6293   1159.5228   1162.5255   1165.0396   1167.1647   1168.8010   1170.1738   1171.3085   1172.1798   1172.6876   1172.9320   1172.9384   1172.6812   1171.9354   1171.0513   1169.6788   1167.9172   1165.7921   1163.1530   1159.8997   1155.8814   1150.9984   1144.8487   1136.9566   1123.4098   1103.6068
      0.00      0.00   1129.0377   1166.2840   1193.2349   1210.1721   1220.6976   1227.5998   1232.3577   1235.6239   1238.1249   1240.0122   1241.3847   1242.3942   1242.8892   1242.8958   1242.6385   1241.8928   1240.3818   1238.3824   1235.8684   1232.8660   1229.3490   1224.9676   1219.8210   1213.3082   1205.0271   1194.0008   1179.7020   1162.5323   1139.2067   1111.0042
      0.00      0.00   1117.1278   1141.4598   1156.2502   1164.6614   1170.0472   1173.8148   1176.6929   1179.2065   1181.3319   1183.0932   1184.7171   1185.9767   1186.9738   1187.7319   1188.1022   1188.1081   1187.8514   1187.2304   1186.2215   1184.8484   1183.0873   1180.7112   1177.6964   1173.8157   1168.6697   1161.7800   1152.6220   1141.8459   1126.2939   1105.1112
      0.00      0.00   1132.4228   1169.2926   1193.2345   1206.6611   1214.5540   1219.7009   1223.4561   1226.3461   1228.7222   1230.7346   1232.3582   1233.6183   1234.3642   1234.8720   1234.8656   1234.4959   1233.6118   1231.9884   1229.9761   1227.4749   1224.3341   1220.8303   1216.4359   1211.0514   1204.2750   1195.6308   1183.9647   1167.9234   1144.7231   1115.5170
      0.00      0.00   1126.2797   1156.0032   1174.5543   1185.4732   1192.3634   1197.2594   1200.8895   1203.7792   1206.1553   1207.9167   1209.2898   1210.4242   1211.0451   1211.3020   1211.1705   1210.8005   1209.9168   1208.6691   1207.0333   1204.9080   1202.2692   1199.0156   1195.2483   1190.7410   1185.2184   1178.3291   1169.2962   1156.7653   1138.2040   1112.8845
      0.00      0.00   1130.5424   1170.7972   1201.7642   1222.4582   1236.1180   1245.0261   1250.7871   1254.5548   1256.9308   1258.1909   1258.6862   1258.5671   1257.8086   1256.6867   1255.0504   1252.6748   1249.7848   1246.5314   1242.8894   1238.7586   1234.2388   1228.9795   1222.9553   1215.9408   1207.2839   1196.6338   1182.7109   1164.4130   1139.9590   1111.1293
      0.00      0.00   1088.0416   1101.2162   1110.4904   1116.7704   1121.4039   1124.6700   1127.0464   1128.8077   1130.0555   1130.9390   1131.4346   1131.6913   1131.8109   1131.6914   1131.3095   1130.8140   1130.1811   1129.3096   1128.1752   1126.9274   1125.4170   1123.7932   1121.6558   1119.2798   1116.3903   1112.8858   1108.4917   1102.6052   1094.0738   1082.7958
      0.00      0.00   1080.5192   1089.8076   1095.9474   1100.2213   1103.2248   1105.4882   1107.1121   1108.3722   1109.2436   1109.8769   1110.3722   1110.5038   1110.6230   1110.5038   1110.2468   1109.8770   1109.3693   1108.7485   1108.1155   1107.1188   1106.1096   1104.8621   1103.4767   1101.8532   1099.8410   1097.5906   1094.7008   1090.9458   1085.1723   1077.0289
      0.00      0.00   1128.0351   1167.4117   1197.7478   1218.3204   1231.9808   1240.8887   1246.6502   1250.4176   1252.5430   1253.6775   1253.9223   1253.6775   1252.7938   1251.4208   1249.6596   1247.2834   1244.2686   1240.8896   1237.1225   1232.9913   1228.3464   1223.0868   1217.0631   1209.9228   1201.5169   1190.9917   1177.4457   1159.7743   1136.1981   1108.4962
      0.00      0.00   1121.2647   1148.2307   1165.4023   1175.8201   1182.8351   1187.7315   1191.4863   1194.2513   1196.5015   1198.2635   1199.5106   1200.3950   1200.8899   1201.1473   1200.8899   1200.3950   1199.5106   1198.2635   1196.6271   1194.6278   1192.1137   1188.9859   1185.3436   1180.8369   1175.5646   1168.8012   1160.2694   1148.6163   1131.8097   1108.7472
      0.00      0.00   1134.4289   1173.1792   1199.1272   1214.0580   1222.8283   1228.4768   1232.4827   1235.6234   1237.9996   1240.0119   1241.5103   1242.6450   1243.2656   1243.5226   1243.3911   1242.7705   1241.5105   1239.6360   1237.2478   1234.4958   1231.1044   1227.0988   1222.2032   1216.0664   1208.2871   1197.7621   1183.7140   1166.4190   1142.7172   1113.6366
      0.00      0.00   1117.1277   1141.4601   1156.2504   1164.6617   1170.0473   1173.6896   1176.6928   1179.2065   1181.3318   1183.0931   1184.7169   1185.9767   1186.9737   1187.6067   1188.1022   1188.1082   1187.8514   1187.2305   1186.2214   1184.8485   1183.0873   1180.7113   1177.6964   1173.8158   1168.6696   1161.6548   1152.6219   1141.8459   1126.2938   1105.1114
      0.00      0.00   1109.1037   1129.5504   1142.4595   1150.3698   1155.6295   1159.5231   1162.5255   1165.0397   1167.1646   1168.8010   1170.1737   1171.3086   1172.1797   1172.6878   1172.9320   1172.9385   1172.6812   1171.9355   1171.0512   1169.6788   1167.9170   1165.7921   1163.1528   1159.8998   1155.8813   1150.9985   1144.8485   1136.9567   1123.4097   1103.6071
      0.00      0.00   1117.5036   1145.4726   1163.7724   1175.1934   1182.7095   1187.9823   1191.8625   1194.8783   1197.3793   1199.3920   1200.8898   1202.0248   1202.7703   1203.2785   1203.3970   1203.1530   1202.5195   1201.5232   1200.1375   1198.2635   1196.0001   1192.9979   1189.3556   1184.9742   1179.8274   1173.3148   1164.9082   1153.1298   1134.8186   1109.3741
      0.00      0.00   1117.3785   1145.4720   1163.7722   1175.1927   1182.5841   1187.8564   1191.8625   1194.8779   1197.3795   1199.2663   1200.7647   1202.0247   1202.7707   1203.1528   1203.2721   1203.0274   1202.5197   1201.5229   1200.1377   1198.2632   1195.8750   1192.8723   1189.2303   1184.9739   1179.7024   1173.3145   1164.7830   1153.1296   1134.8190   1109.3738
      0.00      0.00   1109.1037   1129.5502   1142.4595   1150.3695   1155.6295   1159.5228   1162.5255   1165.0394   1167.1647   1168.8009   1170.2991   1171.3085   1172.1798   1172.6877   1172.9321   1172.9384   1172.6813   1172.0607   1171.0513   1169.6787   1167.9171   1165.7921   1163.1530   1159.8997   1155.8815   1150.9984   1144.9741   1136.9566   1123.4097   1103.6068
      0.00      0.00   1118.5065   1143.9679   1159.7606   1168.9247   1174.8113   1178.8303   1182.0836   1184.5979   1186.8480   1188.6099   1190.2330   1191.3681   1192.3644   1192.8726   1193.2420   1193.1234   1192.7405   1191.9949   1190.8601   1189.2368   1187.2242   1184.7234   1181.3317   1177.0757   1171.6781   1164.2877   1154.8782   1143.7268   1127.6723   1105.7383
      0.00      0.00   1134.5544   1173.3046   1199.2525   1214.0582   1222.8285   1228.4770   1232.3574   1235.4983   1237.8743   1239.8866   1241.3850   1242.5197   1243.2656   1243.6480   1243.5163   1242.8957   1241.6357   1239.7614   1237.4984   1234.7464   1231.4805   1227.4749   1222.5791   1216.5678   1208.7886   1198.2636   1184.2156   1166.9205   1143.0933   1113.8873
      0.00      0.00   1120.8884   1147.3530   1163.8980   1174.0651   1180.7040   1185.3497   1188.9789   1191.7438   1193.9940   1195.7559   1197.1285   1198.1382   1198.6330   1198.8905   1198.7584   1198.3890   1197.6302   1196.3832   1194.8721   1192.9981   1190.6094   1187.7324   1184.2152   1179.9594   1174.6870   1168.2996   1159.8931   1148.4909   1131.8097   1108.8728
      0.00      0.00   1127.9096   1167.1614   1197.3761   1217.8192   1231.3537   1240.1365   1245.8977   1249.6653   1251.7905   1252.9254   1253.2953   1253.0508   1252.1671   1250.9196   1249.1582   1246.9076   1243.8924   1240.6389   1236.8715   1232.7405   1228.2209   1222.9616   1217.0630   1210.0484   1201.6423   1191.1174   1177.6963   1160.0252   1136.3234   1108.6218
      0.00      0.00   1080.5194   1089.8080   1095.9477   1100.0965   1103.1000   1105.3636   1107.1127   1108.3729   1109.2442   1109.8777   1110.2474   1110.5045   1110.4982   1110.5045   1110.2474   1109.8778   1109.3699   1108.8747   1108.1161   1107.2447   1106.1101   1104.9880   1103.4772   1101.8539   1099.9669   1097.5913   1094.7014   1090.9465   1085.1730   1077.0297
      0.00      0.00   1115.8740   1149.1079   1175.1815   1193.2466   1205.4021   1213.3073   1218.5669   1221.8329   1223.8326   1224.7166   1224.9612   1224.7167   1223.9583   1222.7108   1221.2002   1219.3259   1216.9375   1214.4363   1211.1704   1207.5409   1203.5228   1198.8904   1193.6186   1187.4815   1180.0784   1170.9325   1159.1412   1143.8519   1123.5353   1099.9711
      0.00      0.00   1131.0438   1168.6661   1194.1124   1210.0466   1220.4466   1227.5996   1232.4830   1235.8745   1238.3756   1240.0121   1240.8832   1241.3912   1241.3848   1240.8898   1240.0059   1238.6331   1236.7462   1234.2452   1231.2298   1227.9766   1224.0835   1219.7021   1214.5554   1208.5441   1201.1407   1191.9949   1180.0781   1164.0368   1141.3379   1112.6337
      0.00      0.00   1130.0408   1164.2780   1186.7154   1200.1423   1208.6616   1214.3104   1218.4413   1221.5824   1223.9580   1225.8451   1227.2179   1228.2274   1228.8477   1228.9796   1228.7224   1228.1019   1227.0924   1225.4691   1223.3312   1220.7049   1217.4387   1213.6841   1209.1643   1203.4037   1196.2512   1186.6041   1174.1858   1159.1475   1138.0784   1111.0038
      0.00      0.00   1134.5542   1173.4300   1199.1270   1213.8075   1222.4524   1228.1011   1232.1069   1235.1225   1237.6236   1239.6362   1241.2597   1242.5199   1243.2654   1243.7733   1243.7668   1243.2718   1242.1370   1240.3882   1238.2505   1235.4988   1232.2326   1228.1017   1223.0804   1216.1915   1206.4061   1189.8637   1166.0365   1148.1148   1126.2935   1100.0966
      0.00      0.00   1129.0380   1166.2833   1193.2344   1210.1711   1220.6972   1227.5991   1232.2324   1235.6237   1238.1253   1240.0121   1241.3851   1242.3941   1242.8895   1242.8955   1242.6387   1241.8925   1240.3821   1238.3821   1235.8687   1232.8657   1229.3492   1224.9673   1219.8212   1213.3079   1205.0274   1194.0007   1179.7025   1162.5324   1139.2071   1111.0036
      0.00      0.00   1117.3783   1145.4722   1163.7725   1175.1933   1182.5845   1187.8568   1191.8627   1194.8781   1197.3794   1199.2662   1200.8900   1202.0246   1202.7705   1203.2783   1203.2719   1203.1528   1202.5197   1201.5230   1200.1377   1198.2634   1195.8751   1192.8724   1189.3557   1184.9739   1179.7022   1173.3145   1164.9083   1153.1295   1134.8188   1109.3739
      0.00      0.00   1119.2588   1149.1079   1168.7872   1181.0854   1189.3542   1195.1281   1199.3847   1202.6507   1205.2775   1207.2899   1208.7882   1209.9229   1210.5436   1210.9260   1210.9197   1210.5500   1209.6659   1208.5440   1206.9077   1204.9080   1202.1435   1198.8904   1194.9975   1190.3653   1184.8426   1177.9535   1169.0455   1156.3891   1137.2006   1110.8784
      0.00      0.00   1117.5037   1145.4725   1163.7724   1175.1934   1182.7097   1187.8571   1191.8626   1194.8783   1197.3793   1199.2664   1200.8898   1202.0247   1202.7704   1203.2785   1203.2719   1203.1530   1202.5196   1201.5231   1200.1375   1198.2634   1195.8748   1192.8726   1189.3556   1184.9741   1179.7021   1173.3146   1164.9081   1153.1297   1134.8188   1109.3743
      0.00      0.00   1129.0378   1166.1586   1193.1093   1210.0465   1220.5721   1227.4744   1232.2324   1235.6240   1237.9998   1239.8869   1241.2597   1242.2692   1242.7642   1242.7706   1242.5133   1241.7675   1240.2565   1238.2570   1235.7430   1232.7405   1229.0981   1224.8421   1219.6955   1213.1827   1204.9017   1193.8757   1179.5767   1162.4073   1139.0816   1111.0041
      0.00      0.00   1134.4288   1173.3046   1199.0019   1213.6823   1222.3275   1227.8504   1231.8562   1234.9971   1237.4983   1239.5107   1241.1342   1242.2690   1243.1402   1243.5225   1243.5162   1243.1464   1241.8864   1240.2629   1237.9999   1235.3733   1231.9821   1227.9765   1222.8299   1216.0663   1206.2809   1189.7381   1165.9112   1147.9893   1126.2936   1100.0966
      0.00      0.00   1129.9155   1164.1522   1186.4643   1199.8909   1208.4107   1214.0592   1218.1906   1221.3315   1223.8327   1225.7197   1227.0926   1228.1017   1228.7225   1228.8539   1228.5970   1227.9764   1226.9673   1225.4690   1223.2062   1220.5796   1217.4390   1213.6840   1209.0391   1203.4035   1196.1259   1186.6039   1174.1859   1159.1475   1138.0787   1111.0037
      0.00      0.00   1130.7931   1168.2896   1193.6149   1209.5448   1219.9451   1226.9728   1231.8562   1235.3732   1237.8744   1239.5108   1240.5075   1240.8899   1240.8835   1240.5138   1239.6297   1238.2570   1236.3699   1233.8688   1230.9790   1227.6002   1223.8327   1219.4511   1214.3046   1208.2931   1200.8899   1191.7441   1179.9530   1164.0370   1141.3381   1112.6338
      0.00      0.00   1115.7488   1148.8570   1174.9308   1192.8705   1204.9011   1212.9314   1218.0663   1221.4574   1223.3321   1224.3411   1224.5859   1224.3411   1223.5829   1222.4605   1220.8249   1218.9501   1216.6875   1214.0607   1210.9204   1207.2906   1203.2727   1198.6400   1193.4937   1187.3565   1179.9538   1170.8075   1159.1421   1143.7274   1123.5365   1099.9717
      0.00      0.00   1080.5193   1089.8076   1095.9472   1100.2212   1103.2247   1105.4881   1107.1121   1108.3722   1109.2436   1109.8769   1110.3722   1110.5038   1110.6230   1110.5038   1110.2468   1109.8770   1109.4945   1108.8740   1108.1155   1107.2441   1106.1096   1104.9874   1103.4767   1101.8533   1099.9663   1097.5906   1094.7008   1090.9458   1085.1722   1077.0288
      0.00      0.00   1128.0348   1167.2868   1197.6229   1218.0705   1231.6049   1240.5133   1246.2740   1249.9165   1252.1668   1253.3015   1253.5458   1253.3015   1252.4175   1251.1703   1249.4086   1247.1584   1244.1430   1240.7646   1237.1222   1232.9915   1228.3461   1223.0870   1217.1880   1210.1737   1201.7673   1191.2425   1177.6960   1160.0252   1136.3234   1108.6222
      0.00      0.00   1121.5157   1148.4809   1165.4023   1175.6943   1182.4589   1187.2296   1190.8597   1193.6243   1195.8751   1197.6366   1198.8843   1199.8934   1200.5141   1200.7708   1200.6394   1200.1439   1199.2601   1198.1378   1196.5018   1194.6274   1192.2391   1189.2363   1185.5946   1181.3381   1176.0665   1169.4280   1160.8966   1149.3683   1132.4369   1109.1232
      0.00      0.00   1134.5543   1173.3046   1199.2524   1214.0583   1222.8285   1228.4773   1232.3575   1235.4986   1237.8743   1239.8868   1241.3848   1242.5198   1243.2654   1243.5226   1243.3908   1242.8958   1241.6356   1239.7615   1237.4984   1234.7466   1231.3550   1227.3496   1222.5790   1216.5678   1208.7883   1198.2635   1184.2153   1166.9206   1143.0932   1113.8876
      0.00      0.00   1118.0050   1143.0902   1158.6323   1167.6710   1173.4323   1177.4511   1180.5790   1183.2184   1185.3434   1187.2305   1188.7285   1189.9889   1190.8601   1191.4934   1191.7377   1191.7442   1191.3616   1190.6159   1189.4809   1187.8576   1185.9704   1183.3443   1180.0781   1175.9475   1170.5499   1163.2848   1154.0008   1142.9744   1127.0455   1105.4873
      0.00      0.00   1109.1038   1129.5503   1142.4595   1150.3697   1155.6296   1159.5231   1162.5256   1165.0396   1167.1646   1168.8009   1170.1737   1171.3085   1172.1798   1172.6878   1172.9321   1172.9385   1172.6812   1171.9354   1171.0512   1169.6787   1167.9170   1165.7921   1163.1530   1159.8998   1155.8815   1150.9985   1144.8486   1136.9566   1123.4099   1103.6072
      0.00      0.00   1117.5037   1145.4720   1163.7722   1175.1930   1182.7097   1187.8568   1191.8627   1194.8781   1197.3794   1199.2663   1200.8900   1202.0245   1202.7705   1203.2783   1203.3973   1203.1528   1202.5197   1201.5230   1200.1377   1198.2633   1195.8750   1192.8724   1189.3557   1184.9739   1179.7022   1173.3144   1164.9083   1153.1297   1134.8191   1109.3742
      0.00      0.00   1117.3783   1145.4723   1163.7724   1175.1932   1182.5843   1187.8568   1191.8626   1194.8781   1197.3793   1199.2663   1200.7644   1202.0246   1202.7705   1203.1529   1203.2720   1203.0276   1202.3942   1201.5231   1200.1376   1198.2634   1195.8749   1192.8725   1189.2301   1184.9740   1179.7022   1173.1893   1164.7827   1153.1296   1134.8188   1109.3740
      0.00      0.00   1109.1038   1129.5503   1142.3342   1150.2444   1155.6296   1159.5229   1162.5255   1165.0394   1167.0392   1168.8008   1170.1738   1171.3084   1172.1798   1172.6876   1172.9320   1172.9384   1172.5559   1171.9354   1170.9261   1169.6787   1167.9172   1165.7921   1163.0275   1159.7744   1155.7562   1150.8729   1144.8486   1136.9565   1123.4098   1103.6070
      0.00      0.00   1117.5036   1142.3375   1157.2531   1165.9152   1171.1755   1175.0685   1177.9463   1180.4601   1182.5853   1184.4721   1186.0960   1187.3559   1188.3528   1188.9857   1189.3558   1189.4873   1189.2304   1188.6099   1187.6008   1186.1025   1184.3412   1181.9651   1178.9502   1174.9444   1169.6726   1162.6579   1153.4995   1142.5980   1126.7949   1105.2362
      0.00      0.00   1134.4287   1173.0541   1199.0017   1213.9329   1222.7031   1228.3518   1232.3574   1235.4986   1237.8743   1239.8869   1241.3849   1242.5200   1243.1402   1243.5227   1243.2653   1242.7705   1241.3847   1239.5107   1237.2475   1234.3703   1231.1041   1227.0988   1222.2029   1216.0664   1208.2868   1197.7622   1183.7139   1166.4192   1142.7172   1113.6369
      0.00      0.00   1120.6378   1147.1020   1163.8980   1174.1903   1181.0801   1185.8510   1189.6060   1192.4959   1194.6211   1196.3827   1197.7554   1198.6395   1199.1347   1199.2664   1199.1348   1198.6397   1197.7556   1196.5082   1194.9974   1192.9978   1190.4840   1187.4814   1183.8394   1179.5831   1174.3110   1167.6727   1159.1410   1147.7385   1131.1828   1108.4963
      0.00      0.00   1127.9094   1167.0364   1197.3723   1217.9452   1231.4794   1240.3876   1246.2736   1249.9162   1252.1665   1253.3014   1253.5457   1253.3017   1252.4176   1251.0451   1249.2832   1247.0331   1244.0175   1240.6391   1236.8713   1232.7408   1228.0953   1222.8364   1216.8121   1209.7979   1201.3914   1190.8668   1177.4453   1159.7744   1136.0723   1108.4965
      0.00      0.00   1080.5195   1089.6825   1095.8222   1100.0963   1103.1000   1105.3633   1106.9872   1108.2472   1109.1190   1109.7520   1110.2475   1110.3791   1110.4984   1110.3792   1110.1223   1109.7522   1109.3700   1108.7491   1107.9908   1107.1193   1105.9848   1104.8627   1103.3521   1101.7284   1099.8418   1097.4660   1094.7016   1090.8210   1085.1731   1076.9040
      0.00      0.00   1088.0416   1101.2161   1110.4902   1116.8956   1121.4036   1124.6698   1127.0463   1128.8077   1130.0556   1130.9392   1131.4348   1131.6915   1131.8110   1131.6915   1131.3095   1130.8140   1130.0557   1129.3095   1128.1750   1126.9273   1125.4168   1123.6676   1121.6557   1119.2798   1116.3904   1112.8860   1108.3666   1102.4799   1094.0739   1082.7957
      0.00      0.00   1130.6677   1170.9225   1201.7639   1222.4579   1236.1178   1245.0259   1250.9125   1254.6803   1256.9309   1258.1911   1258.6863   1258.5672   1257.8087   1256.6868   1255.0505   1252.6748   1249.7847   1246.5313   1242.8893   1238.7584   1234.2387   1228.9795   1222.9553   1215.8156   1207.2840   1196.5084   1182.7110   1164.4131   1139.8337   1111.1292
      0.00      0.00   1126.2796   1156.0036   1174.5544   1185.4737   1192.4887   1197.2598   1200.8895   1203.7796   1206.1551   1207.9170   1209.4150   1210.4245   1211.0449   1211.3022   1211.1702   1210.8007   1209.9164   1208.6693   1207.0330   1204.9081   1202.2688   1199.0157   1195.2479   1190.7411   1185.2182   1178.3294   1169.2961   1156.7656   1138.2037   1112.8845
      0.00      0.00   1132.2977   1169.2924   1193.1092   1206.5355   1214.4286   1219.5756   1223.2055   1226.2208   1228.5968   1230.6091   1232.2330   1233.3675   1234.2391   1234.6212   1234.7405   1234.2451   1233.4867   1231.8628   1229.8507   1227.3494   1224.2090   1220.7048   1216.3107   1210.9259   1204.2752   1195.5053   1183.8396   1167.7980   1144.7234   1115.5172
      0.00      0.00   1117.6290   1142.3382   1157.2534   1165.9160   1171.3010   1175.0692   1177.9464   1180.4606   1182.5853   1184.4725   1186.0958   1187.3563   1188.3526   1188.9860   1189.3555   1189.4875   1189.2300   1188.6100   1187.6003   1186.2278   1184.3406   1181.9651   1178.9497   1174.9445   1169.6722   1162.6580   1153.4992   1142.5984   1126.7949   1105.2369
      0.00      0.00   1129.0379   1166.1586   1193.1095   1210.0464   1220.6973   1227.4741   1232.2322   1235.6237   1238.1250   1240.0121   1241.2596   1242.2690   1242.7642   1242.7705   1242.5134   1241.7675   1240.2567   1238.2570   1235.7431   1232.7405   1229.2238   1224.8420   1219.6956   1213.1827   1204.9018   1193.8756   1179.5767   1162.4071   1139.0814   1111.0037
      0.00      0.00   1109.1040   1129.5498   1142.4592   1150.3689   1155.6292   1159.5225   1162.5255   1165.0394   1167.1649   1168.8009   1170.2994   1171.3085   1172.1800   1172.6876   1172.9322   1172.9383   1172.6814   1172.0605   1171.0514   1169.6785   1167.9172   1165.7919   1163.1530   1159.8995   1155.8815   1150.9984   1144.9744   1136.9567   1123.4101   1103.6069
      0.00      0.00   1129.0379   1166.2837   1193.2346   1210.1716   1220.6973   1227.5996   1232.2324   1235.6239   1238.1252   1240.0123   1241.3850   1242.3943   1242.8895   1242.8958   1242.6387   1241.8927   1240.3819   1238.3822   1235.8684   1232.8658   1229.3490   1224.9675   1219.8210   1213.3081   1205.0272   1194.0009   1179.7023   1162.5326   1139.2069   1111.0039
      0.00      0.00   1118.0052   1143.0896   1158.6322   1167.6704   1173.4324   1177.4508   1180.5793   1183.2182   1185.3438   1187.2303   1188.7289   1189.9886   1190.8604   1191.4931   1191.7379   1191.7438   1191.3619   1190.6156   1189.4812   1187.8574   1185.9708   1183.3440   1180.0784   1175.9472   1170.5502   1163.2845   1154.0012   1142.9743   1127.0461   1105.4873
      0.00      0.00   1132.2975   1169.1675   1193.1094   1206.5361   1214.3034   1219.4505   1223.2055   1226.0956   1228.5968   1230.4840   1232.1074   1233.3676   1234.2388   1234.6213   1234.6148   1234.2452   1233.3610   1231.8629   1229.7252   1227.2242   1224.2088   1220.5797   1216.1851   1210.9261   1204.1495   1195.5054   1183.8393   1167.7981   1144.7231   1115.5173
      0.00      0.00   1126.2797   1156.3798   1175.5574   1187.2288   1194.8707   1200.1432   1204.0233   1207.0389   1209.4146   1211.1765   1212.5493   1213.4334   1213.8032   1213.9350   1213.6778   1212.9320   1211.9225   1210.5500   1208.6627   1206.2873   1203.2719   1199.8935   1195.7496   1190.9920   1185.2184   1177.9535   1168.6694   1156.0132   1137.5768   1112.3830
      0.00      0.00   1130.5426   1170.9224   1201.8853   1222.8338   1236.6194   1245.6528   1251.6650   1255.4326   1257.8086   1259.0686   1259.4388   1259.3195   1258.5611   1257.3134   1255.5520   1253.0506   1250.1610   1246.7820   1243.1401   1238.8836   1234.2388   1228.9793   1222.8298   1215.6900   1207.0334   1196.2576   1182.3353   1164.0370   1139.5833   1110.8784
      0.00      0.00   1088.0417   1101.2165   1110.4905   1116.8963   1121.4042   1124.7961   1127.1721   1128.9338   1130.1814   1131.0654   1131.5607   1131.8177   1131.9368   1131.6923   1131.4353   1130.8148   1130.1815   1129.3103   1128.1755   1126.9281   1125.4173   1123.6684   1121.6562   1119.1552   1116.2652   1112.7610   1108.2414   1102.3552   1093.9491   1082.7966
      0.00      0.00   1108.3519   1137.6994   1161.1401   1177.7010   1188.8537   1196.3828   1201.2663   1204.5324   1206.4068   1207.4161   1207.6606   1207.5416   1206.9084   1205.9116   1204.5264   1202.9026   1200.8906   1198.6401   1196.0009   1193.1237   1189.6071   1185.4759   1180.7058   1175.0701   1168.2938   1159.7750   1148.8613   1134.7007   1116.2647   1095.0825
      0.00      0.00   1129.2886   1166.5346   1192.3573   1209.0436   1219.8198   1227.2235   1232.3574   1235.8744   1238.3756   1239.8866   1240.7581   1241.1406   1241.0089   1240.3884   1239.3790   1237.8809   1235.8685   1233.3674   1230.3521   1226.9736   1222.9552   1218.5738   1213.3017   1207.2903   1199.8871   1190.7412   1178.8244   1162.6578   1139.9589   1111.5053
      0.00      0.00   1126.4050   1156.5048   1175.6826   1187.3538   1194.8707   1200.2683   1204.1488   1207.1643   1209.5404   1211.3020   1212.5496   1213.4334   1213.9286   1214.0604   1213.6779   1213.0573   1212.0480   1210.5498   1208.7883   1206.2871   1203.3971   1199.8932   1195.8751   1191.1173   1185.2185   1177.9534   1168.6695   1156.0132   1137.5771   1112.3831
      0.00      0.00   1134.4287   1173.0541   1199.0020   1213.9332   1222.8287   1228.4773   1232.4829   1235.4985   1237.9996   1239.8866   1241.5102   1242.5198   1243.2654   1243.5226   1243.3909   1242.7706   1241.3848   1239.6360   1237.2475   1234.4958   1231.1042   1227.0988   1222.2030   1216.1917   1208.2869   1197.7621   1183.7138   1166.4190   1142.7171   1113.6367
      0.00      0.00   1134.4288   1173.3044   1199.0015   1213.6817   1222.3270   1227.8500   1231.8560   1234.9969   1237.4983   1239.5107   1241.1342   1242.2690   1243.1402   1243.5225   1243.5162   1243.1464   1242.0119   1240.2629   1238.0000   1235.3733   1231.9821   1227.9764   1222.8298   1216.0663   1206.2811   1189.7383   1165.9114   1147.9895   1126.2935   1100.0964
      0.00      0.00   1118.5066   1143.9674   1159.7605   1169.0494   1174.8113   1178.9553   1182.0837   1184.5974   1186.8482   1188.6095   1190.2332   1191.3678   1192.3647   1192.9976   1193.2423   1193.1231   1192.7408   1191.9947   1190.8604   1189.2365   1187.2245   1184.7231   1181.3320   1177.0754   1171.6784   1164.2875   1154.8785   1143.7266   1127.6727   1105.7380
      0.00      0.00   1117.1275   1141.4605   1156.2503   1164.6620   1170.0471   1173.6899   1176.6926   1179.2068   1181.3316   1183.0935   1184.7168   1185.9772   1186.9736   1187.7324   1188.1020   1188.1085   1187.8511   1187.2307   1186.2211   1184.8487   1183.0869   1180.7115   1177.6960   1173.8160   1168.6693   1161.7804   1152.6217   1141.8461   1126.2934   1105.1114
      0.00      0.00   1134.5541   1173.4303   1199.1274   1213.8079   1222.4527   1228.1012   1232.1068   1235.1223   1237.6234   1239.6359   1241.2595   1242.5198   1243.3908   1243.7734   1243.7669   1243.2718   1242.1370   1240.3883   1238.2505   1235.4988   1232.2327   1228.2273   1223.0805   1216.3171   1206.4061   1189.8637   1166.0364   1148.1147   1126.2934   1100.0967
      0.00      0.00   1134.5544   1173.3044   1199.2522   1214.0578   1222.8282   1228.3514   1232.3575   1235.3730   1237.8745   1239.7616   1241.3852   1242.5199   1243.2656   1243.5226   1243.3910   1242.8957   1241.5104   1239.7614   1237.4984   1234.6210   1231.3551   1227.3495   1222.5791   1216.5678   1208.7886   1198.2637   1184.2157   1166.9207   1143.0933   1113.8873
      0.00      0.00   1126.2797   1156.0035   1174.5547   1185.4738   1192.3638   1197.2598   1200.8895   1203.7793   1206.0297   1207.9166   1209.2895   1210.2989   1210.9195   1211.1766   1211.1703   1210.6752   1209.7914   1208.6692   1207.0332   1204.7828   1202.1436   1199.0157   1195.1230   1190.6159   1185.2184   1178.2039   1169.1707   1156.6397   1138.2037   1112.8844
      0.00      0.00   1129.2887   1166.5345   1192.3571   1208.9178   1219.8197   1227.2234   1232.2322   1235.8745   1238.2505   1239.7614   1240.7582   1241.0153   1240.8835   1240.2631   1239.2538   1237.8809   1235.8685   1233.2422   1230.2268   1226.8481   1222.9552   1218.4483   1213.3018   1207.1649   1199.8872   1190.6160   1178.6992   1162.6578   1139.8337   1111.5054
      0.00      0.00   1108.3521   1137.5744   1161.1406   1177.7013   1188.9794   1196.5083   1201.3921   1204.6579   1206.5327   1207.5419   1207.7867   1207.6673   1207.0345   1206.0376   1204.6524   1202.9032   1201.0167   1198.6407   1196.0017   1193.1244   1189.4824   1185.3513   1180.5811   1174.9455   1168.1694   1159.6501   1148.8620   1134.7011   1116.1400   1094.9576
      0.00      0.00   1108.3519   1137.6991   1161.1440   1177.8259   1188.9787   1196.5077   1201.5169   1204.6574   1206.5322   1207.5413   1207.9114   1207.6667   1207.0339   1206.0370   1204.6518   1203.0281   1201.0161   1198.7654   1196.1266   1193.1237   1189.6073   1185.4760   1180.7060   1175.0702   1168.1688   1159.7750   1148.8614   1134.7005   1116.2646   1095.0822
      0.00      0.00   1130.6676   1170.9227   1202.0107   1222.9598   1236.7450   1245.7785   1251.7902   1255.5580   1257.9339   1259.1941   1259.5638   1259.4450   1258.6863   1257.4390   1255.6773   1253.1763   1250.2862   1246.9077   1243.1400   1239.0093   1234.3639   1228.9795   1222.9551   1215.8156   1207.0331   1196.2576   1182.3349   1164.0369   1139.5829   1111.0038
      0.00      0.00   1120.7635   1147.2272   1164.0232   1174.3152   1181.0800   1185.9759   1189.7312   1192.4956   1194.7463   1196.5077   1197.7554   1198.7646   1199.2601   1199.3918   1199.2602   1198.7649   1197.8812   1196.6336   1194.9975   1193.1231   1190.6096   1187.6068   1183.9649   1179.5830   1174.3112   1167.7979   1159.2666   1147.8637   1131.1831   1108.4963
      0.00      0.00   1129.9155   1164.1525   1186.5900   1200.0166   1208.4110   1214.1850   1218.3164   1221.4570   1223.8328   1225.7198   1227.0925   1228.1017   1228.7224   1228.8539   1228.7224   1228.1017   1227.0925   1225.4691   1223.3313   1220.5796   1217.4389   1213.6840   1209.0390   1203.4035   1196.2511   1186.6039   1174.1858   1159.1475   1138.0787   1111.0040
      0.00      0.00   1134.5542   1173.3047   1199.2525   1214.1838   1222.8286   1228.4773   1232.4830   1235.4986   1237.8743   1239.8868   1241.3849   1242.5199   1243.2655   1243.6481   1243.5161   1242.8958   1241.6356   1239.7615   1237.4983   1234.7466   1231.4805   1227.4750   1222.5790   1216.6931   1208.9136   1198.2636   1184.2154   1166.9207   1143.0932   1113.8875
      0.00      0.00   1132.4228   1169.2928   1193.2346   1206.6614   1214.5542   1219.7014   1223.4563   1226.3465   1228.7223   1230.7348   1232.3581   1233.6183   1234.3640   1234.8720   1234.8655   1234.4960   1233.6117   1231.9885   1229.9760   1227.4750   1224.3341   1220.8304   1216.4358   1211.0515   1204.2749   1195.6309   1183.9646   1167.9236   1144.7231   1115.5175
      0.00      0.00   1134.4287   1173.1794   1199.1271   1214.0582   1222.8283   1228.6023   1232.6081   1235.6237   1238.1249   1240.0122   1241.5103   1242.6451   1243.2655   1243.5227   1243.3909   1242.7705   1241.5103   1239.6360   1237.2475   1234.4958   1231.1042   1227.0987   1222.2030   1216.1917   1208.2870   1197.7622   1183.7140   1166.4191   1142.7171   1113.6367
      0.00      0.00   1130.0409   1164.2779   1186.7155   1200.1422   1208.5364   1214.3103   1218.4414   1221.5823   1223.9580   1225.8449   1227.2178   1228.2272   1228.8477   1228.9795   1228.7224   1228.1018   1227.0925   1225.4691   1223.3313   1220.7049   1217.4389   1213.6841   1209.1643   1203.4036   1196.2511   1186.6039   1174.1858   1159.1475   1138.0786   1111.0040
      0.00      0.00   1121.3902   1148.4810   1165.4022   1175.6942   1182.3334   1187.1041   1190.7340   1193.6240   1195.7493   1197.5109   1198.8840   1199.8933   1200.3886   1200.6456   1200.5139   1200.0186   1199.2602   1198.0126   1196.5019   1194.5022   1192.1141   1189.1113   1185.5948   1181.2131   1175.9413   1169.4281   1160.8965   1149.2429   1132.3113   1109.1231
      0.00      0.00   1130.5425   1170.7971   1201.6346   1222.4581   1235.9928   1244.9009   1250.7874   1254.5551   1256.8057   1258.0658   1258.5610   1258.4421   1257.6835   1256.5613   1254.9252   1252.5492   1249.6594   1246.4060   1242.7640   1238.6329   1234.1132   1228.8539   1222.8298   1215.8156   1207.1585   1196.5084   1182.7111   1164.4133   1139.8340   1111.1294
      0.00      0.00   1108.3521   1137.5744   1161.1406   1177.7014   1188.8541   1196.3831   1201.2666   1204.4072   1206.2819   1207.2911   1207.6611   1207.4166   1206.7837   1205.7869   1204.5271   1202.9033   1200.8914   1198.6409   1196.0018   1192.9991   1189.4825   1185.3515   1180.7067   1175.0710   1168.2947   1159.7757   1148.8619   1134.7010   1116.2651   1095.0829
      0.00      0.00   1088.0415   1101.2163   1110.4903   1116.8959   1121.5291   1124.7955   1127.2969   1129.0585   1130.3061   1131.0646   1131.6852   1131.9423   1131.9361   1131.8171   1131.4346   1130.9394   1130.1809   1129.3096   1128.3004   1126.9274   1125.4167   1123.6678   1121.6556   1119.2799   1116.2647   1112.7605   1108.3663   1102.4798   1093.9484   1082.7959
      0.00      0.00   1127.9096   1167.1613   1197.5015   1218.0699   1231.6046   1240.6379   1246.3993   1250.0412   1252.2921   1253.4267   1253.7968   1253.4268   1252.5431   1251.2955   1249.5342   1247.1583   1244.1433   1240.7644   1237.1225   1232.8659   1228.2212   1222.9616   1216.9377   1209.9229   1201.5170   1190.9918   1177.5710   1159.7744   1136.1981   1108.4962
      0.00      0.00   1130.9183   1168.2899   1193.7361   1209.6703   1220.0705   1227.0981   1231.9815   1235.4986   1237.8743   1239.6361   1240.6326   1241.0153   1241.0088   1240.6391   1239.7551   1238.3823   1236.4954   1233.9944   1231.1043   1227.7258   1223.9581   1219.5767   1214.4298   1208.4185   1201.0152   1191.8697   1180.0781   1164.0369   1141.3379   1112.6339
      0.00      0.00   1120.8886   1147.3526   1164.0230   1174.0644   1180.7036   1185.4743   1188.9788   1191.8690   1194.1196   1195.8812   1197.1288   1198.1381   1198.7587   1199.0157   1198.8841   1198.3889   1197.6303   1196.5081   1194.8721   1192.9976   1190.7347   1187.7321   1184.2154   1179.9594   1174.8128   1168.2997   1159.8935   1148.4909   1131.8099   1108.8725
      0.00      0.00   1126.2798   1156.0034   1174.5542   1185.4732   1192.3633   1197.2595   1200.8894   1203.7795   1206.1552   1207.9169   1209.4150   1210.4243   1211.0450   1211.3021   1211.1703   1210.8006   1209.9166   1208.6692   1207.0331   1204.9081   1202.2690   1199.0156   1195.2481   1190.7410   1185.2183   1178.3294   1169.2962   1156.7655   1138.3293   1112.8844
      0.00      0.00   1126.4048   1156.5049   1175.8082   1187.4796   1194.9963   1200.2686   1204.2744   1207.2898   1209.5402   1211.3019   1212.6746   1213.5588   1213.9285   1214.0603   1213.8032   1213.0573   1212.0480   1210.6752   1208.7883   1206.2872   1203.3972   1200.0186   1195.8751   1191.1173   1185.2184   1177.9534   1168.6694   1156.0131   1137.5769   1112.3829
      0.00      0.00   1121.2648   1148.2303   1165.4022   1175.9452   1182.8350   1187.7311   1191.4862   1194.3764   1196.5015   1198.2632   1199.5108   1200.5201   1201.0154   1201.1472   1200.8901   1200.3949   1199.5108   1198.2633   1196.6272   1194.6276   1192.1138   1188.9858   1185.3439   1180.9623   1175.5649   1168.8011   1160.2695   1148.6160   1131.8098   1108.7469
      0.00      0.00   1131.0439   1168.5404   1194.1123   1210.0464   1220.4466   1227.5996   1232.4832   1235.8746   1238.3759   1240.0122   1240.8834   1241.3912   1241.3849   1240.8897   1240.0059   1238.6330   1236.7463   1234.2452   1231.2299   1227.9766   1224.0836   1219.7020   1214.5555   1208.5439   1201.1407   1191.9948   1180.0782   1164.0369   1141.3381   1112.6338
      0.00      0.00   1128.0347   1167.2871   1197.6230   1218.0708   1231.6049   1240.3879   1246.1485   1249.9164   1252.0410   1253.1762   1253.5456   1253.1763   1252.4175   1251.0449   1249.2831   1247.0330   1244.0175   1240.7646   1236.9969   1232.8661   1228.2209   1223.0872   1217.0629   1210.0487   1201.6422   1191.1174   1177.6959   1160.0250   1136.3229   1108.6218
      0.00      0.00   1088.0418   1101.2166   1110.4905   1116.7706   1121.4039   1124.6704   1127.0466   1128.8083   1130.0559   1130.9397   1131.4351   1131.6921   1131.8114   1131.5670   1131.3100   1130.8148   1130.0563   1129.1849   1128.1757   1126.9282   1125.4175   1123.6686   1121.6564   1119.2807   1116.3909   1112.8866   1108.3669   1102.4804   1094.0742   1082.7964
      0.00      0.00   1080.5194   1089.6826   1095.9476   1100.0963   1103.0998   1105.3633   1107.1125   1108.3727   1109.2441   1109.8775   1110.2473   1110.5044   1110.4982   1110.3792   1110.2475   1109.8777   1109.3699   1108.7492   1107.9907   1107.1195   1106.1103   1104.8628   1103.4774   1101.8539   1099.8417   1097.5913   1094.7015   1090.8210   1085.1729   1076.9041
      0.00      0.00   1115.7488   1148.9829   1174.9310   1192.9962   1205.0265   1213.0572   1218.3169   1221.5831   1223.5827   1224.4667   1224.8365   1224.4668   1223.7083   1222.5860   1221.0755   1219.0757   1216.8127   1214.3115   1211.0455   1207.4159   1203.3977   1198.7653   1193.6189   1187.4819   1180.0789   1170.9331   1159.1419   1143.8527   1123.5362   1099.9718
      0.00      0.00   1127.9096   1167.1613   1197.3721   1217.8192   1231.3539   1240.2619   1246.0230   1249.6652   1251.9160   1253.0504   1253.4207   1253.0506   1252.2923   1251.0447   1249.2834   1247.0328   1244.0178   1240.7644   1236.9971   1232.8658   1228.2211   1223.0868   1217.0630   1210.0483   1201.6424   1191.2425   1177.6963   1160.0249   1136.3233   1108.6216
      0.00      0.00   1130.6676   1170.7976   1201.7601   1222.4586   1236.1181   1245.0265   1250.9126   1254.6806   1256.9307   1258.3165   1258.6861   1258.5673   1257.9339   1256.8121   1255.1757   1252.8002   1249.9100   1246.6570   1243.0144   1238.8839   1234.2386   1229.1049   1223.0804   1215.9410   1207.4091   1196.6339   1182.8362   1164.5384   1139.9588   1111.1295
      0.00      0.00   1129.4142   1166.7849   1192.7330   1209.2937   1220.1958   1227.5992   1232.7339   1236.2506   1238.7522   1240.2628   1241.1343   1241.5166   1241.3851   1240.7643   1239.7554   1238.2569   1236.2449   1233.6180   1230.6031   1227.2242   1223.3315   1218.8244   1213.6780   1207.5408   1200.1380   1190.9918   1178.9502   1162.7831   1139.9594   1111.6307
      0.00      0.00   1130.7931   1171.1736   1202.2617   1223.2107   1236.9960   1246.1548   1252.0410   1255.8087   1258.1846   1259.4448   1259.8145   1259.5702   1258.8116   1257.5642   1255.9281   1253.4270   1250.4117   1247.0329   1243.3908   1239.1345   1234.4895   1229.1047   1223.0805   1215.8156   1207.1585   1196.3831   1182.4603   1164.0370   1139.5830   1111.0039
      0.00      0.00   1128.0351   1167.4120   1197.7479   1218.3206   1231.9807   1240.8887   1246.7753   1250.4176   1252.6683   1253.6776   1254.0475   1253.6777   1252.7938   1251.5462   1249.7848   1247.4090   1244.3939   1241.0152   1237.2479   1232.9914   1228.3463   1223.0869   1217.0630   1210.0484   1201.5169   1190.9919   1177.5710   1159.7745   1136.1980   1108.4963
      0.00      0.00   1115.8744   1149.1079   1175.1816   1193.2465   1205.4023   1213.3074   1218.5674   1221.8334   1223.8334   1224.8425   1225.0874   1224.7174   1223.9592   1222.7114   1221.2010   1219.3264   1217.0637   1214.4367   1211.1711   1207.5413   1203.5235   1198.8908   1193.6193   1187.4819   1180.0791   1170.9331   1159.2675   1143.8526   1123.5363   1099.9717
      0.00      0.00   1080.5195   1089.8082   1095.9482   1100.2223   1103.2260   1105.4895   1107.1136   1108.3737   1109.2450   1109.8783   1110.2481   1110.5050   1110.6243   1110.5050   1110.2480   1109.8783   1109.3705   1108.8753   1108.1168   1107.2454   1106.1109   1104.9887   1103.4780   1101.8545   1099.9676   1097.5919   1094.7022   1090.9472   1085.1737   1077.0303
      0.00      0.00   1080.5195   1089.8080   1095.9479   1100.0965   1103.2254   1105.3634   1107.1127   1108.3728   1109.2442   1109.8775   1110.2474   1110.5044   1110.4982   1110.5045   1110.2475   1109.8777   1109.3699   1108.8747   1108.1162   1107.2447   1106.1102   1104.9880   1103.4773   1101.8538   1099.9670   1097.5912   1094.7015   1090.9465   1085.1731   1077.0296
      0.00      0.00   1088.0418   1101.2166   1110.4905   1116.8962   1121.4041   1124.7961   1127.1721   1128.9338   1130.1814   1130.9400   1131.5608   1131.8178   1131.8115   1131.6923   1131.4353   1130.9400   1130.1815   1129.3102   1128.3010   1127.0535   1125.5427   1123.7938   1121.7816   1119.4059   1116.5160   1113.0119   1108.4923   1102.6062   1094.0745   1082.9221
      0.00      0.00   1108.3519   1137.6996   1161.2658   1177.8266   1189.1049   1196.6339   1201.5175   1204.6580   1206.5327   1207.5419   1207.9119   1207.6673   1207.0345   1206.0376   1204.7778   1203.1540   1201.1421   1198.8915   1196.2525   1193.2497   1189.7331   1185.6021   1180.8318   1175.1963   1168.4200   1159.9009   1148.9874   1134.8266   1116.3906   1095.0828
      0.00      0.00   1108.3519   1137.8253   1161.3955   1177.9525   1189.2304   1196.7595   1201.7684   1204.9090   1206.7835   1207.7928   1208.1626   1207.9182   1207.2852   1206.2885   1204.9030   1203.2795   1201.2673   1198.8915   1196.2523   1193.2497   1189.7330   1185.6021   1180.8317   1175.1964   1168.2945   1159.7757   1148.9874   1134.7012   1116.2652   1095.0832
      0.00      0.00   1088.0417   1101.2166   1110.6159   1117.0215   1121.5294   1124.9213   1127.2974   1129.0592   1130.3067   1131.1907   1131.6859   1131.9430   1132.0622   1131.8178   1131.5607   1130.9401   1130.3070   1129.4356   1128.3010   1127.0536   1125.5428   1123.7940   1121.6562   1119.2806   1116.3908   1112.7612   1108.3669   1102.4806   1093.9490   1082.7965
      0.00      0.00   1080.6450   1089.8082   1095.9483   1100.2224   1103.2261   1105.4895   1107.2388   1108.4988   1109.3704   1110.0034   1110.3735   1110.6305   1110.6243   1110.5051   1110.3736   1110.0036   1109.4959   1108.8753   1108.1169   1107.2454   1106.1109   1104.9887   1103.4780   1101.8545   1099.9676   1097.5918   1094.7021   1090.9471   1085.1737   1077.0302
