      0.0000      0.0000    645.1860    648.2050    650.2135    651.7637    652.7072    653.4710    653.9638    654.4010    654.6902    654.9253    655.0130    655.0870    655.0941    655.0876    654.9740    654.9271    654.7331    654.5655    654.2910    654.0430    653.6478    653.3196    652.8442    652.3151    651.6787    650.9886    650.0306    648.8181    646.9761    644.3545
      0.0000      0.0000    647.5953    651.8996    654.8720    657.1481    658.6137    659.6986    660.4726    661.0705    661.4404    661.7158    661.8844    661.9988    661.9663    661.9599    661.8061    661.6783    661.4036    661.1551    660.7598    660.3910    659.8754    659.3464    658.6706    657.9408    656.9431    655.8511    654.4109    652.5151    649.7889    646.2431
      0.0000      0.0000    654.1027    663.5881    671.0963    676.6770    680.2305    682.6822    684.2589    685.2998    685.8699    686.2266    686.3138    686.2682    686.0337    685.7468    685.2708    684.7826    684.1053    683.4160    682.5378    681.6076    680.4481    679.1564    677.5952    675.8215    673.5774    670.9200    667.3898    662.8834    656.9411    650.1814
      0.0000      0.0000    654.1018    663.5875    671.0968    676.6370    680.1913    682.6423    684.1791    685.2592    685.8297    686.1858    686.2337    686.2281    685.9945    685.7071    685.2317    684.7425    684.0655    683.3752    682.4974    681.6067    680.4480    679.1557    677.5954    675.8211    673.6177    670.9193    667.3896    662.8830    656.9421    650.1828
      0.0000      0.0000    647.5969    651.9003    654.8720    657.1476    658.5732    659.6585    660.4330    660.9908    661.3607    661.6757    661.8037    661.9578    661.9250    661.9184    661.7650    661.6376    661.4035    661.1554    660.7605    660.3920    659.8766    659.3472    658.6708    657.9403    656.9825    655.8906    654.4109    652.5558    649.8299    646.2437
      0.0000      0.0000    645.2271    648.2472    650.2155    651.8063    652.7495    653.5137    654.0062    654.4440    654.7330    654.9687    655.0564    655.1311    655.1382    655.1323    655.0185    654.9721    654.7774    654.6100    654.3349    654.0871    653.7318    653.3639    652.8882    652.3596    651.7229    650.9932    650.0349    648.8627    646.9796    644.3984
      0.0000      0.0000    645.1866    648.2460    650.2140    651.7639    652.7068    653.4707    654.0034    654.4008    654.6900    654.9255    655.0133    655.1278    655.0947    655.0884    655.0147    654.9276    654.7332    654.5656    654.2908    654.0429    653.6876    653.3192    652.8435    652.3551    651.6788    650.9892    650.0312    648.8589    646.9762    644.3950
      0.0000      0.0000    656.4710    667.1610    675.5136    681.4987    685.3345    687.9463    689.5638    690.6843    691.2548    691.6105    691.6579    691.6115    691.3374    691.0097    690.4541    689.8850    689.1281    688.3179    687.2797    686.1480    684.8285    683.3754    681.6943    679.7592    677.3549    674.4554    670.6845    665.7758    659.2719    651.7483
      0.0000      0.0000    660.3652    673.0270    682.9318    689.5383    693.8935    696.7891    698.6044    699.8477    700.4956    700.8940    700.9790    700.9351    700.6179    700.2122    699.6134    698.9262    697.9255    696.8768    695.6351    694.3453    692.8223    691.1710    689.2059    686.9921    684.2235    680.9253    676.5493    670.9202    663.3287    654.4828
      0.0000      0.0000    661.2513    674.2301    684.1876    691.1423    695.5399    698.4737    700.3720    701.6135    702.3440    702.7805    702.8675    702.8618    702.5871    702.2198    701.6636    700.8940    699.8955    698.8449    697.6457    696.3139    694.7931    693.1397    691.1367    688.8807    686.0336    682.6123    678.1579    672.2860    664.4157    655.2854
      0.0000      0.0000    660.8094    672.8247    681.0961    686.6827    690.1157    692.5267    694.1434    695.3043    696.0752    696.5923    696.8405    696.9958    696.9223    696.7559    696.4007    695.9525    695.2754    694.5057    693.5072    692.4161    691.1364    689.7644    688.0429    686.1488    683.7439    680.8447    676.9926    671.8431    664.5352    655.4452
      0.0000      0.0000    661.2499    674.2292    684.2969    690.9809    695.3381    698.2313    700.0895    701.3310    702.0220    702.4588    702.5866    702.5808    702.3064    701.9789    701.4228    700.6932    699.7350    698.7243    697.5254    696.2335    694.7128    693.0993    691.1366    688.8805    686.1141    682.6927    678.2382    672.4056    664.4947    655.3241
      0.0000      0.0000    660.4074    673.1071    682.8226    689.6175    693.9331    696.8281    698.6443    699.8471    700.4960    700.8939    700.9795    700.9351    700.6188    700.2529    699.6549    698.9269    697.9667    696.9169    695.6754    694.3847    692.8622    691.2506    689.2864    687.0722    684.3445    681.0053    676.6702    671.0007    663.4105    654.5235
      0.0000      0.0000    656.5512    667.2815    675.6337    681.6595    685.5354    688.1076    689.7649    690.8454    691.4555    691.8115    691.8586    691.7724    691.4981    691.1708    690.6150    690.0461    689.2889    688.4788    687.4001    686.2686    684.9489    683.4963    681.7748    679.8400    677.4350    674.5353    670.7238    665.8557    659.3117    651.7889
      0.0000      0.0000    645.2259    648.2475    650.2559    651.8076    652.7504    653.5155    654.0476    654.4860    654.7341    654.9702    655.0570    655.1722    655.1383    655.1328    655.0584    654.9722    654.7768    654.6100    654.3342    654.0871    653.6909    653.3637    652.8472    652.3595    651.7222    650.9929    650.0338    648.8624    646.9790    644.3990
      0.0000      0.0000    647.5948    651.9003    654.8724    657.1088    658.5739    659.6596    660.3931    660.9919    661.3612    661.6771    661.8045    661.9191    661.9258    661.9196    661.7652    661.6381    661.3628    661.1151    660.7595    660.3913    659.8751    659.3464    658.6696    657.9404    656.9826    655.8918    654.4112    652.5563    649.8294    646.2440
      0.0000      0.0000    660.3679    672.9862    682.7018    689.4952    693.7714    696.6657    698.4829    699.6849    700.3747    700.7720    700.8183    700.7733    700.4979    700.1311    699.5339    698.8454    697.8462    696.7962    695.5962    694.3050    692.7831    691.1704    689.2065    687.0315    684.2643    680.9649    676.6309    671.0012    663.3713    654.5232
      0.0000      0.0000    661.3304    673.3857    681.4973    686.8828    690.1557    692.4457    694.0229    695.1433    695.9149    696.4719    696.7608    696.9558    696.8828    696.7961    696.4814    696.0726    695.4362    694.6660    693.7083    692.6569    691.4177    690.0449    688.3640    686.4692    684.0649    681.1653    677.3544    672.2852    664.9780    655.8071
      0.0000      0.0000    658.0401    666.6018    671.9797    675.5533    677.6992    679.3085    680.4419    681.4039    682.0931    682.6921    683.0590    683.3766    683.5025    683.6190    683.5435    683.3778    683.0602    682.7335    682.1750    681.5673    680.7680    679.8392    678.6386    677.2684    675.5454    673.4520    670.7242    667.1033    661.7227    654.4821
      0.0000      0.0000    659.8831    669.6135    675.7555    679.7338    682.1197    683.8892    685.1017    686.1038    686.8327    687.4324    687.7993    688.1174    688.2428    688.3194    688.1630    687.9979    687.6403    687.1940    686.5954    685.8277    684.8671    683.7779    682.4561    680.9658    679.0416    676.7476    673.7376    669.7145    663.7703    655.7273
      0.0000      0.0000    659.8451    669.4533    675.3936    679.1311    681.3567    682.9265    684.0590    685.0214    685.7495    686.3489    686.7952    687.1535    687.3189    687.4362    687.3599    687.2752    686.9569    686.5906    686.0316    685.3848    684.5047    683.4965    682.2548    680.8447    679.0402    676.8669    673.8973    669.9560    663.9722    655.8890
      0.0000      0.0000    658.3199    667.0418    672.4612    675.9937    678.1404    679.7084    680.8431    681.7642    682.4549    683.0533    683.4620    683.7786    683.9457    684.0608    683.9861    683.8593    683.5829    683.2148    682.6976    682.0890    681.2910    680.3613    679.1618    677.8304    676.1083    674.0136    671.2469    667.5849    662.1253    654.6828
      0.0000      0.0000    661.3715    673.5066    681.6575    687.0427    690.3560    692.6466    694.2243    695.3449    696.1164    696.6329    696.9216    697.1163    697.0834    696.9567    696.6423    696.2339    695.5975    694.8270    693.8290    692.8177    691.5384    690.1656    688.4845    686.5491    684.1847    681.2852    677.4346    672.3256    664.9786    655.8483
      0.0000      0.0000    660.4074    673.1051    683.0512    689.6946    694.0517    696.9447    698.7628    700.0043    700.6554    701.0521    701.1401    701.0542    700.7400    700.3323    699.7363    699.0068    698.0085    696.9572    695.7176    694.4251    692.9043    691.2507    689.2882    687.0323    684.3063    680.9654    676.5915    670.9195    663.3302    654.4812
      0.0000      0.0000    647.5965    651.9412    654.9136    657.1901    658.6561    659.7416    660.5159    661.1143    661.4844    661.8003    661.9286    662.0431    662.0104    662.0040    661.8503    661.7227    661.4478    661.1995    660.8444    660.4358    659.9202    659.3910    658.7146    657.9442    656.9864    655.8947    654.4145    652.5592    649.7928    646.2470
      0.0000      0.0000    654.1032    663.5867    671.0960    676.6352    680.2305    682.6812    684.2195    685.2594    685.8310    686.1866    686.2754    686.2286    685.9954    685.7069    685.2719    684.7417    684.1055    683.4147    682.5377    681.6059    680.4476    679.1545    677.5950    675.8204    673.6180    670.9193    667.4308    662.9236    656.9431    650.1826
      0.0000      0.0000    661.2108    674.1906    684.2571    690.9424    695.2986    698.1926    700.0493    701.2915    701.9812    702.4592    702.5457    702.5412    702.3060    701.9799    701.4227    700.6942    699.7348    698.7249    697.5247    696.2337    694.7118    693.0994    691.1357    688.8808    686.1133    682.6931    678.2377    672.4066    664.4949    655.3251
      0.0000      0.0000    658.1165    666.6818    671.9802    675.4749    677.5798    679.1095    680.2416    681.1640    681.8518    682.4515    682.8577    683.1760    683.3412    683.4585    683.3819    683.2975    682.9793    682.6536    682.1343    681.5674    680.7672    679.8798    678.6788    677.3498    675.6660    673.6131    670.8838    667.3034    661.8816    654.6024
      0.0000      0.0000    661.0109    672.0618    679.2078    683.7488    686.4585    688.3078    689.6031    690.6443    691.4152    692.0536    692.4622    692.8186    692.9854    693.0599    692.9450    692.7782    692.4222    691.9745    691.2171    690.4076    689.3681    688.1562    686.6748    684.9012    682.5366    679.5182    675.5064    670.7197    663.9342    655.2864
      0.0000      0.0000    662.4553    674.9116    683.2235    688.2484    691.0392    692.9276    694.1834    695.1837    695.9553    696.5926    697.0420    697.4379    697.6461    697.7605    697.6870    697.5194    697.0436    696.4741    695.7170    694.8259    693.7472    692.4950    690.8947    688.9602    686.4356    683.0944    678.5602    673.0490    665.4202    656.1286
      0.0000      0.0000    661.7723    673.7077    681.3359    685.8781    688.3864    690.0751    691.2100    692.2115    692.9420    693.6201    694.1085    694.5048    694.7522    694.9076    694.9136    694.7872    694.5116    694.0236    693.3464    692.5771    691.5379    690.4070    689.0064    687.3133    685.1493    682.3716    678.6002    673.4913    666.0619    656.7307
      0.0000      0.0000    662.4946    674.9916    683.3040    688.3291    691.0800    692.9284    694.1443    695.1847    695.9161    696.5931    697.0421    697.4375    697.6455    697.7597    697.7265    697.5590    697.1237    696.5546    695.7982    694.9479    693.8293    692.6167    691.0154    689.1199    686.5950    683.2540    678.7206    673.2099    665.5417    656.2110
      0.0000      0.0000    661.0491    672.1034    679.2896    683.8325    686.5401    688.3899    689.6830    690.7249    691.4936    692.1329    692.5401    692.8984    693.0246    693.1416    693.0258    692.8604    692.5026    692.0156    691.2563    690.4482    689.4077    688.1979    686.7156    684.9435    682.5769    679.5591    675.5050    670.7190    663.9318    655.2857
      0.0000      0.0000    658.2783    667.0005    672.4619    676.0749    678.2630    679.8705    681.0456    682.0055    682.6964    683.2937    683.6628    683.9788    684.1067    684.1813    684.1074    683.9398    683.6237    683.2545    682.6976    682.0880    681.2506    680.3206    679.0819    677.7098    675.9481    673.8525    671.0461    667.3433    661.9246    654.5618
      0.0000      0.0000    661.2900    674.3098    684.4578    691.2227    695.6601    698.5937    700.4917    701.7333    702.4240    702.8611    702.9889    702.9435    702.6690    702.3016    701.7451    700.9351    699.9764    698.9253    697.6854    696.3934    694.8321    693.1788    691.1759    688.9202    686.0733    682.6523    678.1578    672.3259    664.4153    655.2850
      0.0000      0.0000    654.1422    663.6287    671.1782    676.7603    680.3548    682.8070    684.3435    685.3844    685.9945    686.3513    686.3984    686.3529    686.1183    685.8314    685.3552    684.8669    684.1894    683.5000    682.6215    681.6912    680.5315    679.2397    677.6383    675.8646    673.6606    670.9632    667.4332    662.9275    656.9457    650.1868
      0.0000      0.0000    654.1005    663.5875    671.1365    676.7184    680.3118    682.7640    684.3000    685.3412    685.9105    686.2673    686.3537    686.3083    686.0731    685.7864    685.3099    684.8221    684.1448    683.4565    682.5784    681.6490    680.4489    679.1575    677.5957    675.8222    673.6173    670.9197    667.3886    662.8826    656.9405    650.1822
      0.0000      0.0000    660.8490    672.9039    681.3638    686.7215    690.1954    692.6063    694.2239    695.3848    696.1565    696.6734    696.9223    697.0771    697.0041    696.8370    696.4819    696.0327    695.3556    694.5449    693.5868    692.4952    691.2160    689.8034    688.1228    686.1881    683.7839    680.8847    677.0337    671.8842    664.5369    655.4465
      0.0000      0.0000    659.8439    669.4510    675.5780    679.1283    681.3153    682.9231    684.0574    685.0181    685.7085    686.3468    686.7554    687.1121    687.2794    687.4349    687.3605    687.2339    686.9582    686.5906    686.0339    685.3851    684.4664    683.4960    682.2559    680.8439    679.0417    676.8264    673.8988    669.9552    663.9729    655.8880
      0.0000      0.0000    662.4960    674.9931    683.3043    688.2897    691.0798    692.9288    694.1439    695.1849    695.9156    696.5936    697.0422    697.4386    697.6459    697.7609    697.6866    697.5597    697.1232    696.5543    695.7969    694.9471    693.8277    692.6159    691.0145    689.1205    686.5954    683.2552    678.7209    673.2106    665.5412    656.2104
      0.0000      0.0000    662.4552    674.9920    683.2239    688.1281    690.8787    692.7266    693.9829    694.9831    695.7550    696.4323    696.9220    697.3577    697.6062    697.7605    697.7273    697.5995    697.2041    696.6744    695.9578    695.1069    694.0287    692.7764    691.0958    688.9598    685.7926    680.5232    672.8559    667.1435    660.1170    651.7893
      0.0000      0.0000    657.0322    665.0745    669.8521    672.8631    674.5672    675.8148    676.7065    677.5475    678.1958    678.8346    679.3216    679.7595    680.0459    680.2830    680.3683    680.4439    680.3275    680.1620    679.8050    679.3584    678.7599    678.0318    676.9917    675.7822    674.0589    671.8444    668.8753    665.4153    660.3162    653.4377
      0.0000      0.0000    657.1951    665.3151    670.2932    673.4230    675.2482    676.5748    677.5481    678.4287    679.0788    679.7173    680.1660    680.6035    680.8513    681.0876    681.1335    681.1675    681.0113    680.8039    680.4071    679.9593    679.2819    678.4730    677.3942    676.1036    674.3416    672.0460    669.0376    665.5357    660.3968    653.5165
      0.0000      0.0000    662.4946    675.0340    683.2641    688.2105    690.9591    692.8089    694.0627    695.0643    695.8341    696.5135    697.0016    697.4393    697.6858    697.8419    697.8067    697.7212    697.2836    696.7558    696.0370    695.1881    694.1080    692.8579    691.1755    689.0416    685.8321    680.6044    672.8947    667.1842    660.1558    651.8302
      0.0000      0.0000    662.4565    674.9530    683.2633    688.2887    691.1189    692.9683    694.2237    695.2251    695.9962    696.6346    697.0831    697.4794    697.6864    697.8015    697.6871    697.5607    697.0839    696.5148    695.7164    694.8664    693.7469    692.4956    690.8942    689.0002    686.4747    683.0945    678.5602    673.0502    665.4206    656.1298
      0.0000      0.0000    659.8846    669.6134    675.7950    679.7737    682.1601    683.8903    685.1433    686.1460    686.8343    687.4739    687.8400    688.1580    688.2833    688.3201    688.2038    688.0387    687.6403    687.2341    686.5951    685.8677    684.8669    683.8179    682.4554    680.9648    679.0400    676.7864    673.7366    669.7149    663.7713    655.7284
      0.0000      0.0000    660.8485    672.9062    681.4042    686.7635    690.2351    692.6478    694.2634    695.4260    696.1957    696.7145    696.9614    697.1185    697.0436    696.8785    696.5215    696.0744    695.3955    694.5868    693.5865    692.5367    691.2551    689.8442    688.1615    686.2288    683.8228    680.9256    677.0326    671.8848    664.5347    655.4859
      0.0000      0.0000    654.1018    663.5881    671.1379    676.6794    680.2339    682.6856    684.2226    685.3034    685.8738    686.2303    686.2777    686.2721    686.0381    685.7509    685.2751    684.7864    684.1092    683.4194    682.5413    681.6507    680.4915    679.1995    677.6386    675.8645    673.6607    670.9629    667.4334    662.9276    656.9462    650.1871
      0.0000      0.0000    647.5968    651.9005    654.9124    657.1884    658.6136    659.7388    660.4726    661.0709    661.4408    661.7566    661.8847    661.9992    662.0065    661.9599    661.8059    661.6784    661.4034    661.1552    660.7999    660.4313    659.9155    659.3462    658.6699    657.9402    656.9425    655.8511    654.4112    652.5159    649.7897    646.2438
      0.0000      0.0000    661.2903    674.2709    684.2279    691.1822    695.6185    698.5521    700.4496    701.6918    702.3823    702.8202    702.9478    702.9031    702.6283    702.2614    701.6642    700.8948    699.9357    698.8852    697.6450    696.3536    694.7919    693.1389    691.1355    688.8804    686.0734    682.6130    678.1180    672.2862    664.4148    655.2452
      0.0000      0.0000    659.8863    669.6121    675.7544    679.7713    682.1595    683.8883    685.1432    686.1443    686.8348    687.4330    687.8413    688.1174    688.2440    688.3189    688.2042    687.9975    687.6412    687.1931    686.5957    685.8264    684.8675    683.7771    682.4568    680.9245    679.0418    676.7466    673.7386    669.7149    663.7726    655.7272
      0.0000      0.0000    661.7716    673.7082    681.3766    685.9204    688.4287    690.1180    691.2517    692.2531    692.9826    693.6612    694.1489    694.5460    694.7924    694.9481    694.9129    694.8271    694.5509    694.0638    693.3459    692.5774    691.5778    690.4477    689.0062    687.3536    685.1482    682.3706    678.6387    673.4909    666.0620    656.7321
      0.0000      0.0000    657.3530    665.5966    670.6546    673.8269    675.6913    677.0196    677.9912    678.8730    679.5615    680.1609    680.6076    681.0458    681.3317    681.5290    681.6139    681.6096    681.4525    681.2467    680.8487    680.3623    679.6834    678.9159    677.7950    676.4650    674.6609    672.3668    669.3171    665.7771    660.5567    653.5985
      0.0000      0.0000    660.7303    672.7040    681.3362    687.0023    690.3955    692.6054    694.1024    695.2233    695.9953    696.5929    697.0026    697.3583    697.4861    697.5199    697.4061    697.1982    696.6819    696.0720    695.2346    694.3037    693.1448    691.7719    690.0911    688.0360    685.3508    681.8490    677.2346    671.7639    664.2559    655.2860
      0.0000      0.0000    654.3423    660.9772    665.1123    667.8786    669.5431    670.8302    671.7627    672.6033    673.2528    673.8114    674.2194    674.6168    674.8636    675.0597    675.1050    675.1396    675.0238    674.8175    674.5012    674.0944    673.4968    672.8487    671.9698    670.9601    669.6390    668.1071    666.1030    663.6067    659.2311    652.9140
      0.0000      0.0000    660.7259    672.7441    681.3772    687.0461    690.3977    692.6488    694.1434    695.2251    695.9948    696.6335    697.0410    697.3981    697.5243    697.5601    697.4450    697.2390    696.7214    696.1132    695.2741    694.3447    693.1842    691.8130    690.1306    688.0770    685.3899    681.8892    677.2730    671.8035    664.2942    655.2870
      0.0000      0.0000    656.9128    664.7905    669.5296    672.4570    674.1637    675.4090    676.3039    677.1430    677.7945    678.3912    678.8813    679.3169    679.6061    679.8807    679.9682    680.0006    679.8866    679.7184    679.3641    678.9552    678.3594    677.6286    676.6311    675.4187    673.7384    671.5618    668.5956    665.1734    660.1573    653.3962
      0.0000      0.0000    661.8132    673.7081    681.3763    685.9185    688.4268    690.1153    691.2900    692.2509    692.9815    693.6601    694.1490    694.5864    694.7939    694.9896    694.9550    694.8684    694.5520    694.0637    693.3859    692.6162    691.5766    690.4860    689.0454    687.3529    685.1491    682.4119    678.6405    673.5318    666.0625    656.7314
      0.0000      0.0000    659.8440    669.4493    675.3926    679.1275    681.3159    682.9231    684.0584    685.0183    685.7497    686.3468    686.7561    687.1517    687.3199    687.4342    687.3609    687.2739    686.9590    686.5904    686.0344    685.3845    684.5070    683.4957    682.2567    680.8436    679.0417    676.8653    673.9387    669.9546    663.9739    655.8883
      0.0000      0.0000    661.2105    674.1902    684.2975    690.9821    695.3388    698.2324    700.0496    701.2914    702.0219    702.4593    702.5865    702.5813    702.3064    701.9795    701.4229    700.6940    699.7354    698.7250    697.5252    696.2335    694.7522    693.0990    691.1357    688.9203    686.1134    682.7332    678.2384    672.4068    664.5358    655.3257
      0.0000      0.0000    647.5946    651.9002    654.8741    657.1109    658.5776    659.6628    660.3970    660.9946    661.3644    661.6792    661.8072    661.9210    661.9287    661.9221    661.7691    661.6417    661.4077    661.1594    660.7645    660.3956    659.8802    659.3910    658.6747    657.9443    656.9868    655.8946    654.4548    652.5993    649.8334    646.2474
      0.0000      0.0000    645.1858    648.2472    650.2157    651.8075    652.7503    653.5150    654.0068    654.4450    654.6934    654.9297    655.0570    655.1321    655.1385    655.1328    655.0181    654.9317    654.7365    654.5697    654.3344    654.0470    653.6910    653.3233    652.8469    652.3591    651.6820    650.9931    650.0343    648.8628    646.9796    644.3994
      0.0000      0.0000    660.4082    673.1040    682.8213    689.6533    694.0121    696.9050    698.7246    699.9652    700.6170    701.0124    701.0606    701.0135    700.6997    700.2909    699.6956    698.9649    697.9676    696.9156    695.6773    694.3844    692.8648    691.2103    689.2486    686.9912    684.2657    680.9238    676.5514    670.9195    663.3315    654.4811
      0.0000      0.0000    658.2379    666.9629    672.4619    676.0362    678.2619    679.8714    681.0445    681.9666    682.6552    683.2546    683.6212    683.9392    684.0647    684.1815    684.0653    683.9402    683.6225    683.2561    682.6975    682.0903    681.2506    680.2819    679.0807    677.6703    675.9467    673.8135    671.0453    667.3443    661.9230    654.5626
      0.0000      0.0000    662.4550    674.9526    683.2640    688.2894    691.0789    692.9272    694.1818    695.2224    695.9532    696.6318    697.0813    697.4785    697.6465    697.7618    697.6876    697.5204    697.0837    696.5147    695.7167    694.8667    693.7473    692.4958    690.8950    688.9612    686.4360    683.0954    678.5604    673.0496    665.4197    656.1288
      0.0000      0.0000    656.9125    664.7915    669.5306    672.4579    674.1639    675.3689    676.3034    677.1426    677.7939    678.3909    678.8808    679.3167    679.6057    679.8405    679.9682    680.0012    679.8869    679.7189    679.3640    678.9552    678.3590    677.6287    676.6310    675.4191    673.7384    671.5218    668.5953    665.1732    660.1569    653.3966
      0.0000      0.0000    654.3414    660.9783    665.1129    667.8798    669.5431    670.8308    671.7626    672.6042    673.2529    673.8121    674.2191    674.6171    674.8633    675.0604    675.1052    675.1408    675.0240    674.8183    674.5008    674.0943    673.4956    672.8482    671.9686    670.9600    669.6384    668.1074    666.1026    663.6070    659.2308    652.9153
      0.0000      0.0000    657.0324    666.0791    671.9395    675.8358    678.2218    679.9521    681.1649    682.1677    682.9365    683.6166    684.0632    684.4616    684.6671    684.8645    684.8685    684.8240    684.5863    684.3008    683.8226    683.2560    682.4962    681.5679    680.3665    678.9969    677.3135    675.2608    672.5322    668.7913    662.8872    654.7634
      0.0000      0.0000    656.9950    666.0780    671.9395    675.8327    678.1803    679.9083    681.1639    682.1654    682.9373    683.5756    684.0248    684.4612    684.6687    684.8236    684.8296    684.7827    684.5871    684.2992    683.8229    683.2541    682.4563    681.5259    680.3267    678.9953    677.2742    675.2598    672.4934    668.7906    662.8890    654.7622
      0.0000      0.0000    654.3406    660.9768    665.1125    667.8788    669.5434    670.8302    671.7628    672.6031    673.2527    673.8110    674.2592    674.6164    674.8636    675.0599    675.1055    675.1399    675.0240    674.8574    674.5010    674.0941    673.4966    672.8482    671.9694    670.9598    669.6392    668.1074    666.1435    663.6063    659.2308    652.9140
      0.0000      0.0000    657.3538    665.5966    670.6542    673.8264    675.6909    677.0195    678.0318    678.8735    679.5620    680.1611    680.6477    681.0455    681.3313    681.5286    681.6137    681.6096    681.4526    681.2471    680.8493    680.3631    679.6844    678.9167    677.7955    676.4651    674.7010    672.3664    669.3167    665.7766    660.5965    653.5981
      0.0000      0.0000    662.4961    674.9933    683.3045    688.2896    691.0791    692.9275    694.1423    695.1834    695.9147    696.5932    697.0424    697.4388    697.6464    697.8016    697.7275    697.5604    697.1237    696.5541    695.7959    694.9457    693.8670    692.6160    691.0154    689.1217    686.5966    683.2561    678.7216    673.2108    665.5407    656.2090
      0.0000      0.0000    658.1160    666.6806    671.9798    675.4745    677.5801    679.1091    680.2415    681.1631    681.8514    682.4506    682.8573    683.2152    683.3406    683.4572    683.3812    683.2966    683.0197    682.6541    682.1362    681.5693    680.7696    679.8809    678.7194    677.3890    675.6651    673.6520    670.9239    667.3034    661.9227    654.6032
      0.0000      0.0000    660.3672    673.0251    682.8906    689.4943    693.8112    696.6645    698.4825    699.7244    700.3750    700.7719    700.8594    700.8140    700.4995    700.1322    699.5356    698.8461    697.8471    696.8360    695.5959    694.3038    692.8229    691.1695    689.2470    687.0315    684.3054    680.9650    676.6316    671.0009    663.3715    654.5224
      0.0000      0.0000    645.1862    648.2483    650.2170    651.7695    652.7128    653.4783    654.0105    654.4492    654.6975    654.9341    655.0208    655.1363    655.1021    655.1369    655.0222    654.9362    654.7407    654.6142    654.3380    654.0906    653.6939    653.3666    652.8498    652.3623    651.7253    650.9968    650.0381    648.8672    646.9838    644.4040
      0.0000      0.0000    656.5111    667.2415    675.5940    681.6194    685.4950    688.0668    689.7240    690.8044    691.4146    691.7305    691.7780    691.7322    691.4582    691.0907    690.5749    690.0058    689.2082    688.4382    687.3597    686.2285    684.9089    683.4562    681.7347    679.7999    677.3952    674.4960    670.6845    665.8162    659.2721    651.7493
      0.0000      0.0000    661.3714    673.5083    681.6579    687.0053    690.3165    692.6484    694.1832    695.3051    696.0745    696.6332    696.8801    697.0771    697.0427    696.9178    696.6014    696.1944    695.5560    694.7875    693.7878    692.7786    691.4974    690.1265    688.4436    686.5505    684.1442    681.2465    677.3936    672.2861    664.9771    655.8079
      0.0000      0.0000    661.0497    672.1023    679.2884    683.8307    686.5394    688.3892    689.6833    690.7252    691.4550    692.0941    692.5017    692.8589    693.0252    693.1010    692.9857    692.8197    692.4625    691.9747    691.2560    690.4471    689.3670    688.1969    686.7153    684.9027    682.5776    679.5196    675.5064    670.7196    663.9326    655.2855
      0.0000      0.0000    662.4959    675.0340    683.2636    688.2100    690.9588    692.8090    694.0632    695.0653    695.8352    696.5145    697.0023    697.4398    697.6458    697.8419    697.8065    697.6806    697.2832    696.7556    696.0370    695.1882    694.1080    692.8173    691.1747    689.0006    685.8316    680.5641    672.8945    667.1841    660.1559    651.7903
      0.0000      0.0000    660.7288    672.7426    681.3761    687.0424    690.3960    692.6455    694.1029    695.2236    695.9962    696.6335    697.0431    697.3978    697.5255    697.5587    697.4456    697.2377    696.7223    696.1123    695.2754    694.3437    693.1850    691.8115    690.1311    688.0755    685.3909    681.8889    677.2753    671.8038    664.2959    655.2851
      0.0000      0.0000    656.9915    666.0771    671.9399    675.8351    678.1826    679.9110    681.1652    682.1662    682.9366    683.5750    684.0635    684.4605    684.6677    684.8636    684.8291    684.8231    684.5870    684.2999    683.8234    683.2553    682.4568    681.5266    680.3666    678.9953    677.2735    675.2595    672.5326    668.7901    662.8879    654.7623
      0.0000      0.0000    657.5942    667.2421    673.5460    677.7223    680.3506    682.2393    683.5737    684.6548    685.4657    686.1448    686.5941    686.9918    687.1595    687.3155    687.2813    687.1949    686.8782    686.5504    685.9932    685.3848    684.4661    683.4560    682.1758    680.7243    678.9220    676.7470    673.8590    669.8348    663.6510    655.2448
      0.0000      0.0000    657.0345    666.0794    671.9399    675.8358    678.2224    679.9121    681.1654    682.1677    682.9368    683.5761    684.0632    684.4613    684.6673    684.8648    684.8294    684.8247    684.5870    684.3003    683.8217    683.2545    682.4552    681.5272    680.3668    678.9969    677.2735    675.2602    672.5319    668.7908    662.8879    654.7640
      0.0000      0.0000    660.7271    672.7042    681.3365    687.0053    690.3569    692.6082    694.1031    695.2251    695.9549    696.5940    697.0020    697.3594    697.4857    697.5213    697.4060    697.1996    696.6813    696.0725    695.2329    694.3032    693.1027    691.7722    690.0903    688.0370    685.3501    681.8497    677.2336    671.7644    664.2549    655.2871
      0.0000      0.0000    662.4552    674.9928    683.2242    688.1699    690.9199    692.7284    693.9832    695.0242    695.7950    696.4732    696.9620    697.3585    697.6060    697.7611    697.7268    697.6400    697.2033    696.7149    695.9574    695.1479    694.0286    692.7772    691.0957    688.9608    685.7924    680.5231    672.8541    667.1426    660.1562    651.7899
      0.0000      0.0000    661.0105    672.0608    679.2072    683.7478    686.4578    688.3068    689.6028    690.6440    691.4156    692.0535    692.4623    692.8180    692.9852    693.0593    692.9449    692.7778    692.4224    691.9743    691.2174    690.4075    689.3685    688.1966    686.6758    684.9017    682.5372    679.5179    675.5063    670.7192    663.9340    655.2854
      0.0000      0.0000    661.2906    673.3866    681.6850    686.8429    690.1555    692.4472    693.9836    695.1455    695.9160    696.4740    696.7616    696.9171    696.8829    696.7969    696.4809    696.0731    695.4354    694.6662    693.7075    692.6570    691.4167    690.0446    688.3623    686.4683    684.0633    681.1657    677.3546    672.2867    664.9784    655.8085
      0.0000      0.0000    656.4727    667.1613    675.5146    681.4993    685.3365    687.9485    689.5677    690.6879    691.2595    691.6146    691.6629    691.6156    691.3420    691.0133    690.4582    689.8882    689.1320    688.3209    687.2832    686.1505    684.8315    683.3776    681.6972    679.7614    677.3581    674.4586    670.6892    665.7806    659.2779    651.7535
      0.0000      0.0000    645.1867    648.2474    650.2151    651.8067    652.7495    653.5145    654.0066    654.4452    654.6935    654.9298    655.0570    655.1322    655.1386    655.1330    655.0184    654.9320    654.7767    654.6099    654.3343    654.0872    653.6911    653.3638    652.8473    652.3595    651.7223    650.9932    650.0345    648.8630    646.9794    644.3987
      0.0000      0.0000    660.4057    673.0652    682.7820    689.5765    693.8929    696.7873    698.6042    699.8064    700.4959    700.8930    700.9391    700.8942    700.5787    700.2121    699.6147    698.9261    697.9267    696.8766    695.6763    694.3852    692.8633    691.2105    689.2868    687.0715    684.3443    681.0046    676.6302    671.0003    663.3708    654.5235
      0.0000      0.0000    658.3184    667.0404    672.4611    675.9929    678.1407    679.7079    680.8436    681.7639    682.4556    683.0533    683.4227    683.7785    683.9463    684.0604    683.9863    683.8584    683.5427    683.2141    682.6577    682.0884    681.2911    680.3604    679.1618    677.8297    676.1088    674.0135    671.2477    667.5847    662.1256    654.6823
      0.0000      0.0000    662.4953    674.9930    683.3037    688.2904    691.0798    692.9295    694.1434    695.1850    695.9148    696.5938    697.0419    697.4393    697.6459    697.7616    697.6864    697.5602    697.1229    696.5549    695.7965    694.9473    693.8272    692.5766    691.0149    689.1217    686.5953    683.2554    678.7201    673.2108    665.5406    656.2105
      0.0000      0.0000    657.1923    665.3150    670.2932    673.4242    675.2487    676.5762    677.5485    678.4296    679.0785    679.7175    680.1651    680.6031    680.8500    681.0871    681.1324    681.1676    681.0112    680.8050    680.4075    679.9202    679.2818    678.4737    677.3939    676.1038    674.3404    672.0454    669.0362    665.5352    660.3955    653.5167
      0.0000      0.0000    654.3414    660.9777    665.1130    667.8795    669.5437    670.8310    671.7631    672.6040    673.2531    673.8116    674.2190    674.6165    674.8633    675.0600    675.1055    675.1406    675.0243    674.8179    674.5009    674.0939    673.4959    672.8482    671.9694    670.9606    669.6398    668.1080    666.1032    663.6067    659.2312    652.9155
      0.0000      0.0000    657.0329    666.0770    671.9395    675.8342    678.2224    679.9106    681.1652    682.1659    682.9365    683.5747    684.0637    684.4604    684.6680    684.8637    684.8698    684.8235    684.5876    684.2999    683.8232    683.2545    682.4564    681.5262    680.3669    678.9954    677.2736    675.2590    672.5329    668.7909    662.8896    654.7640
      0.0000      0.0000    656.9920    666.0777    671.9396    675.8349    678.1821    679.9109    681.1647    682.1660    682.9361    683.5750    684.0231    684.4607    684.6676    684.8239    684.8296    684.7841    684.5475    684.3003    683.8227    683.2547    682.4561    681.5266    680.3262    678.9955    677.2732    675.2193    672.4919    668.7902    662.8879    654.7630
      0.0000      0.0000    654.3408    660.9773    665.0730    667.8386    669.5431    670.8299    671.7630    672.6036    673.2129    673.8109    674.2188    674.6157    674.8630    675.0590    675.1050    675.1397    674.9843    674.8182    674.4619    674.0945    673.4968    672.8481    671.9293    670.9196    669.5990    668.0669    666.1031    663.6062    659.2309    652.9145
      0.0000      0.0000    657.0326    665.0724    669.8512    672.8600    674.5252    675.8108    676.7043    677.5438    678.1943    678.8320    679.3215    679.7583    680.0470    680.2827    680.3697    680.4434    680.3288    680.1618    679.8068    679.3588    678.7623    678.0325    677.0341    675.7822    674.0603    671.8439    668.8762    665.4138    660.3156    653.4347
      0.0000      0.0000    662.4549    674.9139    683.2238    688.2502    691.0384    692.8880    694.1420    695.1847    695.9150    696.5950    697.0427    697.4403    697.6060    697.7620    697.6461    697.5204    697.0423    696.4743    695.7151    694.8261    693.7458    692.4957    690.8936    688.9609    686.4346    683.0957    678.5601    673.0507    665.4198    656.1304
      0.0000      0.0000    658.0357    666.5991    671.9798    675.5130    677.7002    679.2684    680.4426    681.4033    682.0529    682.6508    683.0587    683.3752    683.5021    683.5776    683.5033    683.3771    683.0607    682.6929    682.1757    681.5672    680.7291    679.7998    678.6001    677.2686    675.5459    673.4509    670.6836    667.0615    661.7221    654.4810
      0.0000      0.0000    660.3657    672.9860    682.7020    689.5371    693.8523    696.7468    698.6027    699.8055    700.4945    700.8928    700.9386    700.8946    700.5787    700.1728    699.5748    698.8868    697.8863    696.8366    695.5952    694.3049    692.7825    691.1310    689.1669    686.9529    684.2252    680.8860    676.5503    670.9202    663.2891    654.4824
      0.0000      0.0000    645.1865    648.2073    650.1769    651.7683    652.7125    653.4769    653.9700    654.4077    654.6571    654.8927    655.0212    655.0958    655.1032    655.0968    654.9829    654.8953    654.7409    654.5730    654.2980    654.0499    653.6544    653.3262    652.8108    652.3224    651.6867    650.9571    650.0396    648.8270    646.9845    644.3629
      0.0000      0.0000    647.5948    651.9000    654.8734    657.1497    658.5759    659.6611    660.3958    660.9939    661.3644    661.6799    661.8087    661.9227    661.9304    661.9233    661.7697    661.6416    661.3673    661.1589    660.7640    660.3949    659.8794    659.3497    658.6738    657.9438    656.9869    655.8952    654.4157    652.5599    649.8340    646.2476
      0.0000      0.0000    661.2515    674.2301    684.2966    690.9808    695.3374    698.2312    700.0891    701.3315    702.0223    702.4600    702.5875    702.5825    702.3076    701.9807    701.4237    700.6940    699.7346    698.7237    697.5239    696.2325    694.7515    693.0985    691.1355    688.8804    686.1139    682.6935    678.2389    672.4072    664.4960    655.3257
      0.0000      0.0000    659.8443    669.4520    675.3931    679.1299    681.3563    682.9255    684.0586    685.0204    685.7495    686.3486    686.7958    687.1535    687.3193    687.4355    687.3597    687.2745    686.9572    686.5907    686.0326    685.3848    684.5050    683.4958    682.2548    680.8440    679.0404    676.8665    673.9382    669.9562    663.9728    655.8885
      0.0000      0.0000    661.7732    673.7069    681.3357    685.8776    688.3870    690.0747    691.2098    692.2103    692.9417    693.6198    694.1097    694.5061    694.7544    694.9088    694.9149    694.7872    694.5119    694.0230    693.3463    692.5761    691.5373    690.4458    689.0060    687.3129    685.1501    682.3717    678.6009    673.4915    666.0637    656.7324
      0.0000      0.0000    657.0726    665.0750    669.8518    672.8631    674.5666    675.8145    676.7055    677.5469    678.1948    678.8346    679.3216    679.7604    680.0464    680.2839    680.3683    680.4442    680.3272    680.1622    679.8044    679.3982    678.7590    678.0316    677.0314    675.7822    674.0583    671.8444    668.8749    665.4156    660.3160    653.4379
      0.0000      0.0000    660.7282    672.7045    681.3367    687.0040    690.3960    692.6066    694.1025    695.2243    695.9950    696.6333    697.0013    697.3578    697.4848    697.5202    697.4058    697.1992    696.6818    696.0726    695.2337    694.3033    693.1434    691.7718    690.0905    688.0366    685.3504    681.8496    677.2342    671.7640    664.2545    655.2852
      0.0000      0.0000    654.3434    660.9771    665.1121    667.8765    669.5414    670.8277    671.7618    672.6025    673.2536    673.8117    674.2608    674.6171    674.8647    675.0599    675.1063    675.1401    675.0251    674.8577    674.5016    674.0934    673.4963    672.8471    671.9690    670.9585    669.6389    668.1068    666.1445    663.6074    659.2327    652.9146
      0.0000      0.0000    660.7282    672.7442    681.3766    687.0446    690.3969    692.6477    694.1032    695.2249    695.9955    696.6341    697.0425    697.3992    697.5259    697.5608    697.4458    697.2388    696.7213    696.1124    695.2739    694.3439    693.1840    691.8123    690.1306    688.0765    685.3901    681.8894    677.2745    671.8050    664.2958    655.2863
      0.0000      0.0000    657.1936    665.3123    670.2927    673.4216    675.2488    676.5742    677.5493    678.4285    679.0802    679.7172    680.1673    680.6030    680.8519    681.0861    681.1333    681.1659    681.0118    680.8035    680.4087    679.9192    679.2832    678.4725    677.3950    676.1025    674.3417    672.0444    669.0377    665.5346    660.3978    653.5165
      0.0000      0.0000    661.7711    673.6677    681.3359    685.8791    688.3469    690.0361    691.2103    692.1721    692.9423    693.5811    694.0690    694.5065    694.7532    694.9092    694.8742    694.7884    694.4713    694.0235    693.3048    692.5359    691.5363    690.4066    688.9659    687.3143    685.1094    682.3720    678.5997    673.4917    666.0623    656.7325
      0.0000      0.0000    659.8437    669.5723    675.7144    679.6920    682.1188    683.8480    685.0613    686.0630    686.7925    687.3918    687.7996    688.1174    688.2035    688.2798    688.1641    687.9580    687.6005    687.1935    686.5550    685.8269    684.8271    683.7780    682.4168    680.9259    679.0422    676.7475    673.7380    669.7148    663.7711    655.7270
      0.0000      0.0000    661.2124    674.2304    684.1474    691.1007    695.4982    698.4317    700.3309    701.5729    702.3048    702.7418    702.8298    702.8237    702.5492    702.1809    701.5843    700.8139    699.8557    698.8041    697.6050    696.2724    694.7518    693.0979    691.0953    688.8394    686.0338    682.6132    678.1197    672.2874    664.4169    655.2453
      0.0000      0.0000    647.5956    651.9021    654.8751    657.1536    658.5794    659.7061    660.4396    661.0387    661.4079    661.7244    661.8518    661.9670    661.9736    661.9276    661.8131    661.6460    661.4105    661.1630    660.7668    660.3989    659.8824    659.3541    658.6771    657.9078    656.9493    655.8583    654.3774    652.5231    649.7966    646.2520
      0.0000      0.0000    654.1029    663.5881    671.0971    676.6381    680.1932    682.6455    684.1833    685.2643    685.8348    686.1910    686.2383    686.2324    685.9982    685.7106    685.2347    684.7456    684.0684    683.3785    682.5005    681.6100    680.4510    679.1590    677.5985    675.8243    673.6207    670.9228    667.3935    662.8878    656.9469    650.1873
      0.0000      0.0000    660.8085    672.8248    681.0954    686.6830    690.1151    692.5270    694.1428    695.3048    696.0751    696.5934    696.8410    696.9972    696.9229    696.7572    696.4009    695.9531    695.2748    694.5057    693.5063    692.4563    691.1355    689.7641    688.0416    686.1484    683.7432    680.8453    676.9928    671.8442    664.5353    655.4462
      0.0000      0.0000    659.8845    669.6110    675.7539    679.7304    682.1185    683.8871    685.1020    686.1032    686.8344    687.4326    687.8012    688.1175    688.2446    688.3195    688.1647    687.9976    687.6413    687.1927    686.5954    685.8257    684.8669    683.7763    682.4564    680.9645    679.0422    676.7468    673.7390    669.7148    663.7728    655.7278
      0.0000      0.0000    662.4548    674.9138    683.2248    688.2514    691.0803    692.9296    694.1832    695.1844    695.9542    696.5930    697.0812    697.4387    697.6457    697.7620    697.6871    697.5208    697.0427    696.5143    695.7153    694.8663    693.7463    692.4959    690.8942    689.0012    686.4348    683.0952    678.5597    673.0500    665.4195    656.1295
      0.0000      0.0000    662.4547    674.9923    683.2230    688.1679    690.9176    692.7264    693.9819    695.0235    695.7947    696.4729    696.9617    697.3581    697.6059    697.7613    697.7272    697.6405    697.2439    696.7152    695.9577    695.1480    694.0285    692.7768    691.0953    688.9608    685.7930    680.5242    672.8555    667.1436    660.1561    651.7895
      0.0000      0.0000    657.3541    665.5939    670.6537    673.8636    675.6904    677.0568    678.0314    678.8709    679.5618    680.1589    680.6483    681.0444    681.3331    681.5682    681.6151    681.6083    681.4537    681.2461    680.8510    680.3622    679.6853    678.9150    677.7961    676.4636    674.7021    672.3654    669.3181    665.7758    660.5983    653.5972
      0.0000      0.0000    656.9125    664.7934    669.5300    672.4596    674.1631    675.3705    676.3027    677.1446    677.7938    678.3933    678.8808    679.3189    679.6052    679.8824    679.9673    680.0024    679.8857    679.7198    679.3624    678.9558    678.3573    677.6294    676.6295    675.4200    673.7372    671.5633    668.5943    665.1743    660.1551    653.3969
      0.0000      0.0000    662.4927    675.0327    683.2640    688.2108    690.9599    692.8094    694.0631    695.0641    695.8337    696.5127    697.0011    697.4389    697.6859    697.8422    697.8074    697.6814    697.2840    696.7557    696.0370    695.1878    694.1078    692.8572    691.1750    689.0412    685.8323    680.5642    672.8944    667.1833    660.1554    651.7905
      0.0000      0.0000    662.4969    674.9933    683.3036    688.2887    691.0781    692.8870    694.1423    695.1441    695.9157    696.5546    697.0435    697.4399    697.6467    697.7615    697.6869    697.5601    697.0832    696.5547    695.7968    694.9068    693.8274    692.5760    691.0149    689.1215    686.5964    683.2564    678.7218    673.2114    665.5409    656.2093
      0.0000      0.0000    659.8437    669.4505    675.3936    679.1298    681.3172    682.9249    684.0587    685.0187    685.7084    686.3463    686.7548    687.1116    687.2790    687.3944    687.3603    687.2339    686.9181    686.5906    686.0337    685.3446    684.4662    683.4962    682.2165    680.8047    679.0421    676.8260    673.8977    669.9137    663.9722    655.8874
      0.0000      0.0000    660.8086    672.8246    681.0951    686.6419    690.1146    692.5265    694.1027    695.3049    696.0355    696.5537    696.8416    696.9573    696.8830    696.7170    696.3609    695.9532    695.2752    694.4657    693.4664    692.4161    691.1358    689.7242    688.0424    686.1090    683.7440    680.8055    676.9528    671.8439    664.4949    655.4461
      0.0000      0.0000    654.1031    663.5489    671.0994    676.6401    680.2356    682.6871    684.2252    685.3057    685.8770    686.2331    686.2813    686.2752    686.0418    685.7539    685.2786    684.7491    684.1127    683.3823    682.5049    681.6140    680.4155    679.1231    677.5630    675.7883    673.5850    670.8864    667.3975    662.8907    656.9096    650.1492
      0.0000      0.0000    654.1026    663.5873    671.2791    676.6774    680.2328    682.6842    684.2625    685.3029    685.8743    686.2301    686.3183    686.2717    686.0381    685.7502    685.2751    684.7857    684.1093    683.4190    682.5419    681.6107    680.4524    679.1597    677.5996    675.8249    673.5817    670.9232    667.3940    662.8871    656.9464    650.1858
      0.0000      0.0000    661.2507    674.2307    684.1873    691.1428    695.5393    698.4740    700.3715    701.6143    702.3444    702.7821    702.8684    702.8637    702.5880    702.2212    701.6235    700.8545    699.8951    698.8451    697.6046    696.3133    694.7911    693.0983    691.1349    688.8805    686.0332    682.6133    678.1178    672.2864    664.4149    655.2856
      0.0000      0.0000    658.0782    666.6390    672.0197    675.5518    677.6999    679.3070    680.4821    681.4014    682.0922    682.6891    683.0583    683.4143    683.5427    683.6173    683.5439    683.4166    683.1013    682.7325    682.1762    681.6069    680.7698    679.8394    678.6410    677.2686    675.5471    673.4910    670.7245    667.1014    661.7232    654.4812
      0.0000      0.0000    661.0109    672.0620    679.2481    683.7897    686.4594    688.3495    689.6447    690.6858    691.4158    692.0538    692.4616    692.8180    692.9847    693.0596    692.9850    692.8185    692.4624    691.9746    691.2567    690.4070    689.3673    688.1963    686.6752    684.9020    682.5773    679.5183    675.5058    670.7191    663.9336    655.2864
      0.0000      0.0000    662.4952    674.9937    683.3044    688.3312    691.0801    692.9297    694.1836    695.1850    695.9147    696.5938    697.0420    697.4396    697.6462    697.8022    697.7268    697.5605    697.1229    696.5547    695.7959    694.9468    693.8670    692.6165    691.0146    689.1617    686.6356    683.2561    678.7209    673.2114    665.5406    656.2104
      0.0000      0.0000    661.8129    673.7087    681.3763    685.9198    688.4277    690.1172    691.2911    692.2529    692.9825    693.6614    694.1489    694.5863    694.7927    694.9892    694.9541    694.8686    694.5515    694.0640    693.3854    692.6167    691.5763    690.4865    689.0453    687.3537    685.1491    682.4124    678.6399    673.5320    666.0625    656.7333
      0.0000      0.0000    662.4549    674.9531    683.2634    688.2897    691.0787    692.9684    694.2225    695.2238    695.9940    696.6332    697.0819    697.4797    697.6465    697.7623    697.6871    697.5207    697.0833    696.5149    695.7159    694.8662    693.7457    692.4949    690.8934    689.0008    686.4351    683.0958    678.5605    673.0505    665.4197    656.1297
      0.0000      0.0000    661.0485    672.1013    679.2885    683.8302    686.4995    688.3887    689.6834    690.7245    691.4547    692.0930    692.5014    692.8582    693.0252    693.1003    692.9855    692.8190    692.4628    691.9748    691.2568    690.4471    689.3674    688.1965    686.7157    684.9023    682.5774    679.5183    675.5057    670.7190    663.9334    655.2863
      0.0000      0.0000    658.2778    667.0407    672.4609    675.9929    678.0999    679.6675    680.8025    681.7632    682.4139    683.0118    683.4208    683.7772    683.9047    684.0196    683.9455    683.8186    683.5431    683.1752    682.6588    682.0499    681.2523    680.3222    679.1633    677.7915    676.0697    674.0144    671.2473    667.5440    662.0839    654.6814
      0.0000      0.0000    661.2112    674.1903    684.0672    690.9818    695.2984    698.1924    700.0503    701.2929    701.9836    702.4212    702.5482    702.5430    702.2676    701.9402    701.3830    700.6536    699.6945    698.6841    697.4842    696.1927    694.7114    693.0585    691.0955    688.8806    686.0737    682.6937    678.2393    672.4081    664.4970    655.3264
      0.0000      0.0000    654.1028    663.5489    671.0994    676.6403    680.1955    682.6471    684.1850    685.2254    685.7966    686.1526    686.2408    686.1946    685.9610    685.6732    685.2382    684.7490    684.0727    683.3829    682.5058    681.5752    680.4168    679.1244    677.6041    675.8293    673.6258    670.9270    667.3971    662.8898    656.9487    650.1889
      0.0000      0.0000    647.5946    651.9013    654.8738    657.1514    658.6166    659.7028    660.4763    661.0753    661.4442    661.7202    661.8875    662.0025    661.9689    661.9634    661.8088    661.6821    661.4066    661.1593    660.8035    660.3955    659.8790    659.3507    658.6737    657.9447    656.9462    655.8553    654.4144    652.5597    649.7926    646.2480
      0.0000      0.0000    660.3677    673.0245    682.9309    689.5739    693.8918    696.8246    698.6434    699.8442    700.5358    700.9319    701.0202    700.9336    700.6198    700.2515    699.6558    698.9253    697.9274    696.8757    695.6772    694.3445    692.8245    691.1703    689.2083    686.9918    684.2664    680.9250    676.5922    670.9203    663.3318    654.4817
      0.0000      0.0000    661.3299    673.3876    681.5371    686.8837    690.1949    692.4871    694.0229    695.1857    695.9154    696.5141    696.8010    696.9573    696.9224    696.8371    696.5204    696.1132    695.4750    694.7066    693.7472    692.6975    691.4564    690.0853    688.4026    686.5097    684.1039    681.2066    677.3941    672.2864    664.9773    655.8086
      0.0000      0.0000    658.1177    666.6796    672.0195    675.4712    677.5780    679.1455    680.2400    681.2009    681.8918    682.4897    682.8584    683.2149    683.3823    683.4974    683.4232    683.2963    683.0204    682.6923    682.1355    681.5667    680.8091    679.8791    678.7202    677.3892    675.7079    673.6531    670.9262    667.3035    661.9240    654.6020
      0.0000      0.0000    659.8456    669.4516    675.3927    679.1281    681.3150    682.9236    684.0582    685.0197    685.7499    686.3481    686.7960    687.1525    687.3191    687.4347    687.3601    687.2743    686.9579    686.5905    686.0332    685.3847    684.5060    683.4960    682.2557    680.8440    679.0412    676.8666    673.9389    669.9559    664.0134    655.8880
      0.0000      0.0000    659.8829    669.6111    675.7949    679.7724    682.1604    683.8889    685.1432    686.1439    686.8338    687.4320    687.8403    688.1571    688.2437    688.3190    688.2041    687.9974    687.6411    687.2334    686.5959    685.8265    684.8672    683.8168    682.4564    680.9648    679.0419    676.7463    673.7379    669.7141    663.7718    655.7269
      0.0000      0.0000    658.2375    666.9607    672.4612    676.0748    678.2616    679.8696    681.0437    682.0048    682.6548    683.2534    683.6218    683.9789    684.1058    684.1812    684.0664    683.9401    683.6235    683.2557    682.6980    682.0893    681.2508    680.2811    679.0816    677.7105    675.9480    673.8131    671.0457    667.3432    661.9232    654.5613
      0.0000      0.0000    661.3709    673.4666    681.6572    687.0039    690.3163    692.6481    694.1843    695.3060    696.0765    696.6343    696.8816    697.0771    697.0428    696.9168    696.6011    696.1936    695.5564    694.7873    693.7885    692.7785    691.4982    690.1264    688.4441    686.5498    684.1441    681.2458    677.3940    672.2860    664.9779    655.8081
      0.0000      0.0000    660.4052    673.0656    682.7818    689.5772    693.8932    696.7483    698.5644    699.8070    700.4554    700.8530    700.9384    700.8537    700.5774    700.1712    699.5733    698.8856    697.8858    696.8770    695.6363    694.3462    692.8239    691.2122    689.2479    687.0335    684.3054    680.9658    676.6299    670.9997    663.3685    654.5216
      0.0000      0.0000    647.5966    651.9025    654.8747    657.1121    658.5779    659.6646    660.3984    660.9975    661.3668    661.6832    661.8107    661.9259    661.9326    661.8866    661.7722    661.6456    661.3705    661.1234    660.7679    660.4003    659.8841    659.3558    658.6788    657.9494    656.9908    655.8993    654.4180    652.5630    649.8359    646.2509
      0.0000      0.0000    645.1871    648.2084    650.2169    651.7687    652.7118    653.4770    654.0095    654.4481    654.6967    654.9332    655.0203    655.1358    655.1020    655.0964    655.0219    654.9355    654.7401    654.5732    654.2976    654.0507    653.6950    653.3276    652.8513    652.3635    651.6863    650.9974    650.0385    648.8267    646.9833    644.3628
      0.0000      0.0000    656.4728    667.2033    675.5150    681.5407    685.3764    687.9897    689.6477    690.7293    691.3397    691.6560    691.7429    691.6568    691.3818    691.0543    690.5379    689.9286    689.1707    688.4008    687.3217    686.1904    684.8703    683.4179    681.7366    679.8025    677.3980    674.4996    670.6885    665.8209    659.2767    651.7538
      0.0000      0.0000    660.3675    673.0247    682.7015    689.4937    693.8114    696.7046    698.5231    699.7239    700.4152    700.8113    700.8994    700.8130    700.5391    700.1710    699.5751    698.8851    697.8871    696.8757    695.6367    694.3441    692.8238    691.2100    689.2480    687.0318    684.3062    681.0050    676.6315    670.9996    663.3705    654.5208
      0.0000      0.0000    661.2500    674.1914    684.1075    690.9837    695.3391    698.2344    700.0905    701.3339    702.0227    702.5014    702.5867    702.5825    702.3460    702.0202    701.4621    700.7344    699.7742    698.7652    697.5639    696.2737    694.7510    693.1396    691.1753    688.9216    686.1536    682.7345    678.2781    672.4476    664.5350    655.3266
      0.0000      0.0000    660.8502    672.9038    681.2155    686.7610    690.2354    692.6462    694.2647    695.4255    696.1975    696.7138    696.9625    697.1167    697.0438    696.8763    696.5218    696.0726    695.3963    694.5855    693.5878    692.5361    691.2572    689.8441    688.1633    686.2278    683.8239    680.9246    677.0344    671.8848    664.5376    655.4864
      0.0000      0.0000    661.2894    674.3104    684.2680    691.2233    695.6201    698.5944    700.4519    701.6942    702.4246    702.8620    702.9487    702.9034    702.6281    702.2611    701.7044    700.9353    699.9360    698.8853    697.6851    696.3534    694.8319    693.1388    691.1755    688.8804    686.0736    682.6536    678.1586    672.2869    664.4157    655.2862
      0.0000      0.0000    660.4075    673.1047    682.8215    689.6543    694.0119    696.9053    698.7642    699.9657    700.6569    701.0131    701.1006    701.0143    700.6997    700.3318    699.7356    699.0058    698.0077    696.9567    695.7176    694.3852    692.8644    691.2104    689.2478    687.0317    684.2657    680.9251    676.5921    670.9206    663.3315    654.4820
      0.0000      0.0000    656.5129    667.2419    675.5947    681.6191    685.4960    688.0676    689.7267    690.8070    691.4190    691.7747    691.8233    691.7364    691.4630    691.0943    690.5791    690.0090    689.2524    688.4412    687.3634    686.2312    684.9124    683.4588    681.7383    679.8026    677.3990    674.4992    670.7294    665.8204    659.2773    651.7531
      0.0000      0.0000    645.1860    648.2484    650.2184    651.8115    652.7561    653.5222    654.0154    654.4541    654.7026    654.9383    655.0250    655.1395    655.1457    655.1396    655.0251    654.9386    654.7437    654.6171    654.3420    654.0949    653.6993    653.3718    652.8554    652.3671    651.7299    651.0005    650.0420    648.8705    646.9875    644.4071
      0.0000      0.0000    645.1868    648.2486    650.2177    651.7693    652.7529    653.4775    654.0103    654.4486    654.6975    654.9336    655.0210    655.1359    655.1022    655.1363    655.0218    654.9350    654.7400    654.6131    654.3379    654.0906    653.6949    653.3672    652.8511    652.3631    651.7265    650.9972    650.0387    648.8671    646.9841    644.4034
      0.0000      0.0000    647.5966    651.9029    654.8751    657.1529    658.5783    659.7056    660.4397    661.0395    661.4089    661.6852    661.8525    661.9674    661.9332    661.9271    661.8123    661.6855    661.4098    661.1626    660.8066    660.4388    659.9222    659.3941    658.7171    657.9881    657.0298    655.9395    654.4589    652.6047    649.8374    646.2926
      0.0000      0.0000    654.1020    663.5883    671.1388    676.6803    680.2761    682.7283    684.2663    685.3069    685.8778    686.2337    686.3215    686.2751    686.0410    685.7532    685.3180    684.8291    684.1526    683.4628    682.5853    681.6544    680.4956    679.2033    677.6429    675.8686    673.6652    670.9667    667.4371    662.9304    656.9893    650.1892
      0.0000      0.0000    654.1006    663.6288    671.3619    676.7221    680.3175    682.7701    684.3475    685.3884    685.9585    686.3149    686.4021    686.3562    686.1216    685.8343    685.3582    684.8696    684.1924    683.4628    682.5846    681.6542    680.4949    679.2032    677.6425    675.8691    673.6252    670.9274    667.4373    662.8908    656.9495    650.1908
      0.0000      0.0000    647.5959    651.9028    654.9149    657.1934    658.6185    659.7458    660.4790    661.0788    661.4476    661.7646    661.8914    662.0070    662.0129    661.9675    661.8525    661.6863    661.4505    661.2038    660.8072    660.4399    659.9229    659.3951    658.6773    657.9487    656.9898    655.8593    654.4179    652.5637    649.7959    646.2515
      0.0000      0.0000    645.2257    648.2486    650.2191    651.8121    652.7565    653.5220    654.0550    654.4933    654.7420    654.9777    655.0650    655.1798    655.1462    655.1401    655.0660    654.9794    654.7846    654.6176    654.3423    654.0947    653.6987    653.3709    652.8547    652.3667    651.7300    651.0006    650.0421    648.8702    646.9873    644.4069
