      0.0000      0.0000    656.2164    659.4646    661.6318    663.2714    664.2919    665.1121    665.6477    666.1164    666.4326    666.6828    666.7811    666.8572    666.8684    666.8574    666.7383    666.6840    666.4780    666.2934    666.0004    665.7288    665.3053    664.9468    664.4365    663.8608    663.1767    662.4270    661.3950    660.0804    658.0926    655.2548
      0.0000      0.0000    658.8216    663.4595    666.6688    669.0927    670.6779    671.8454    672.6852    673.3275    673.7310    674.0248    674.2105    674.3301    674.2983    674.2873    674.1246    673.9830    673.6898    673.4178    672.9944    672.5922    672.0387    671.4630    670.7359    669.9431    668.8683    667.6841    666.1309    664.0775    661.1338    657.2968
      0.0000      0.0000    665.8576    676.0976    684.2117    690.2072    694.0498    696.6951    698.4028    699.5241    700.1439    700.5255    700.6232    700.5699    700.3197    700.0056    699.4946    698.9631    698.2347    697.4859    696.5404    695.5311    694.2815    692.8812    691.1971    689.2756    686.8532    683.9763    680.1633    675.2873    668.8665    661.5546
      0.0000      0.0000    665.8568    676.0972    684.2123    690.1639    694.0073    696.6520    698.3165    699.4803    700.1004    700.4814    700.5366    700.5264    700.2771    699.9624    699.4520    698.9195    698.1915    697.4419    696.4968    695.5304    694.2815    692.8806    691.1973    689.2754    686.8969    683.9757    680.1631    675.2868    668.8673    661.5558
      0.0000      0.0000    658.8230    663.4599    666.6688    669.0926    670.6345    671.8023    672.6423    673.2413    673.6446    673.9814    674.1232    674.2859    674.2538    674.2426    674.0803    673.9390    673.6897    673.4181    672.9950    672.5930    672.0396    671.4637    670.7362    669.9429    668.9112    667.7271    666.1309    664.1214    661.1779    657.2971
      0.0000      0.0000    656.2608    659.5100    661.6338    663.3173    664.3375    665.1582    665.6934    666.1625    666.4785    666.7294    666.8277    666.9044    666.9155    666.9050    666.7856    666.7316    666.5251    666.3407    666.0472    665.7758    665.3956    664.9942    664.4838    663.9086    663.2240    662.4314    661.3990    660.1279    658.0958    655.3018
      0.0000      0.0000    656.2169    659.5087    661.6322    663.2717    664.2917    665.1120    665.6907    666.1160    666.4322    666.6829    666.7814    666.9013    666.8690    666.8583    666.7823    666.6845    666.4781    666.2934    666.0001    665.7285    665.3483    664.9465    664.4361    663.9042    663.1766    662.4274    661.3955    660.1245    658.0928    655.2986
      0.0000      0.0000    668.4186    679.9611    688.9883    695.4204    699.5681    702.3865    704.1382    705.3454    705.9656    706.3464    706.4012    706.3471    706.0541    705.6959    705.0987    704.4798    703.6654    702.7859    701.6673    700.4402    699.0174    697.4428    695.6288    693.5330    690.9371    687.7986    683.7254    678.4146    671.3865    663.2488
      0.0000      0.0000    672.6295    686.3037    696.9788    704.1124    708.8220    711.9470    713.9127    715.2526    715.9568    716.3834    716.4790    716.4275    716.0882    715.6455    715.0020    714.2552    713.1774    712.0397    710.7013    709.3030    707.6604    705.8712    703.7506    701.3533    698.3639    694.7939    690.0666    683.9765    675.7728    666.2050
      0.0000      0.0000    673.5871    687.6046    698.3672    705.8468    710.6020    713.7685    715.8239    717.1621    717.9556    718.4237    718.5212    718.5110    718.2173    717.8160    717.2183    716.3827    715.3072    714.1677    712.8750    711.4315    709.7911    707.9999    705.8380    703.3952    700.3207    696.6179    691.8057    685.4532    676.9477    667.0727
      0.0000      0.0000    673.1091    686.0847    695.0242    701.0252    704.7376    707.3390    709.0898    710.3409    711.1779    711.7332    712.0049    712.1686    712.0924    711.9082    711.5278    711.0396    710.3117    709.4760    708.4004    707.2171    705.8375    704.3506    702.4933    700.4416    697.8453    694.7069    690.5458    684.9744    677.0769    667.2453
      0.0000      0.0000    673.5859    687.6038    698.4547    705.6724    710.3841    713.5068    715.5188    716.8569    717.6075    718.0758    718.2174    718.2071    717.9136    717.5554    716.9578    716.1654    715.1335    714.0373    712.7449    711.3445    709.7042    707.9562    705.8379    703.3950    700.4079    696.7050    691.8926    685.5827    677.0333    667.1147
      0.0000      0.0000    672.6747    686.3902    696.8912    704.1981    708.8650    711.9895    713.9562    715.2523    715.9573    716.3834    716.4797    716.4274    716.0888    715.6890    715.0463    714.2555    713.2216    712.0830    710.7448    709.3457    707.7038    705.9576    703.8379    701.4401    698.4949    694.8806    690.1974    684.0635    675.8608    666.2486
      0.0000      0.0000    668.5051    680.0913    689.1181    695.5944    699.7855    702.5610    704.3557    705.5196    706.1827    706.5637    706.6182    706.5210    706.2278    705.8699    705.2726    704.6538    703.8390    702.9597    701.7973    700.5705    699.1475    697.5734    695.7160    693.6205    691.0240    687.8853    683.7681    678.5011    671.4296    663.2925
      0.0000      0.0000    656.2593    659.5102    661.6775    663.3189    664.3387    665.1602    665.7381    666.2076    666.4792    666.7305    666.8279    666.9486    666.9155    666.9056    666.8289    666.7320    666.5247    666.3408    666.0466    665.7758    665.3514    664.9940    664.4394    663.9083    663.2232    662.4311    661.3980    660.1278    658.0954    655.3025
      0.0000      0.0000    658.8212    663.4601    666.6692    669.0504    670.6349    671.8032    672.5990    673.2421    673.6448    673.9825    674.1238    674.2438    674.2545    674.2440    674.0807    673.9397    673.6460    673.3746    672.9940    672.5924    672.0382    671.4630    670.7351    669.9430    668.9112    667.7280    666.1311    664.1219    661.1775    657.2975
      0.0000      0.0000    672.6320    686.2594    696.7605    704.0661    708.6901    711.8139    713.7816    715.0770    715.8263    716.2519    716.3055    716.2527    715.9584    715.5577    714.9158    714.1678    713.0915    711.9527    710.6591    709.2595    707.6180    705.8706    703.7512    701.3959    698.4079    694.8367    690.1547    684.0640    675.8185    666.2486
      0.0000      0.0000    673.6730    686.6917    695.4581    701.2415    704.7808    707.2514    708.9594    710.1666    711.0042    711.6026    711.9185    712.1253    712.0496    711.9519    711.6153    711.1700    710.4858    709.6495    708.6179    707.4775    706.1417    704.6539    702.8403    700.7878    698.1921    695.0535    690.9370    685.4524    677.5557    667.6369
      0.0000      0.0000    670.1148    679.3560    685.1668    688.9919    691.3128    693.0473    694.2758    695.3116    696.0604    696.7040    697.1044    697.4434    697.5828    697.7044    697.6265    697.4437    697.1047    696.7479    696.1483    695.4876    694.6277    693.6199    692.3257    690.8403    688.9813    686.7137    683.7683    679.8496    674.0361    666.2041
      0.0000      0.0000    672.1082    682.6126    689.2495    693.5116    696.0922    698.0001    699.3142    700.3933    701.1850    701.8292    702.2295    702.5690    702.7081    702.7866    702.6214    702.4393    702.0568    701.5706    700.9275    700.0937    699.0594    697.8781    696.4529    694.8376    692.7612    690.2770    687.0265    682.6729    676.2501    667.5504
      0.0000      0.0000    672.0668    682.4394    688.8583    692.8601    695.2673    696.9590    698.1865    699.2226    700.0135    700.6574    701.1438    701.5268    701.7091    701.8315    701.7529    701.6578    701.3180    700.9184    700.3182    699.6150    698.6677    697.5738    696.2353    694.7068    692.7599    690.4060    687.1993    682.9340    676.4683    667.7252
      0.0000      0.0000    670.4176    679.8320    685.6876    689.4682    691.7901    693.4800    694.7098    695.7014    696.4515    697.0944    697.5397    697.8779    698.0618    698.1822    698.1051    697.9645    697.6699    697.2685    696.7134    696.0517    695.1929    694.1841    692.8911    691.4479    689.5900    687.3214    684.3337    680.3704    674.4712    666.4210
      0.0000      0.0000    673.7171    686.8221    695.6313    701.4145    704.9976    707.4688    709.1774    710.3848    711.2223    711.7768    712.0923    712.2987    712.2665    712.1254    711.7890    711.3438    710.6597    709.8234    708.7483    707.6514    706.2722    704.7843    702.9705    700.8745    698.3220    695.1835    691.0239    685.4962    677.5562    667.6811
      0.0000      0.0000    672.6747    686.3881    697.1079    704.2818    708.9934    712.1160    714.0845    715.4226    716.1299    716.5548    716.6533    716.5564    716.2200    715.7752    715.1344    714.3420    713.2666    712.1265    710.7902    709.3894    707.7491    705.9575    703.8394    701.3965    698.4531    694.8372    690.1119    683.9758    675.7742    666.2034
      0.0000      0.0000    658.8225    663.5043    666.7139    669.1382    670.7237    671.8917    672.7317    673.3745    673.7779    674.1154    674.2575    674.3772    674.3452    674.3344    674.1718    674.0303    673.7371    673.4652    673.0852    672.6398    672.0862    671.5106    670.7831    669.9467    668.9150    667.7310    666.1344    664.1247    661.1374    657.3003
      0.0000      0.0000    665.8581    676.0963    684.2115    690.1623    694.0500    696.6943    698.3602    699.4803    700.1015    700.4820    700.5813    700.5269    700.2780    699.9623    699.4957    698.9190    698.2351    697.4847    696.5403    695.5294    694.2810    692.8795    691.1970    689.2747    686.8972    683.9757    680.2075    675.3307    668.8684    661.5556
      0.0000      0.0000    673.5434    687.5618    698.4116    705.6305    710.3412    713.4648    715.4753    716.8141    717.5632    718.0759    718.1730    718.1641    717.9133    717.5566    716.9580    716.1667    715.1334    714.0379    712.7440    711.3446    709.7033    707.9564    705.8371    703.3953    700.4070    696.7052    691.8920    685.5836    677.0334    667.1156
      0.0000      0.0000    670.1979    679.4427    685.1675    688.9072    691.1838    692.8320    694.0591    695.0518    695.7992    696.4434    696.8865    697.2264    697.4087    697.5311    697.4522    697.3572    697.0174    696.6616    696.1044    695.4878    694.6268    693.6634    692.3688    690.9279    689.1115    686.8879    683.9411    680.0661    674.2083    666.3344
      0.0000      0.0000    673.3271    685.2599    692.9824    697.8528    700.7833    702.7775    704.1811    705.3027    706.1396    706.8256    707.2707    707.6518    707.8356    707.9121    707.7917    707.6077    707.2269    706.7392    705.9243    705.0456    703.9260    702.6122    701.0144    699.0929    696.5402    693.2727    688.9389    683.7596    676.4269    667.0735
      0.0000      0.0000    674.8891    688.3415    697.3245    702.7179    705.7360    707.7726    709.1333    710.2105    711.0481    711.7332    712.2226    712.6466    712.8748    712.9944    712.9185    712.7339    712.2234    711.6043    710.7895    709.8227    708.6606    707.3033    705.5769    703.4814    700.7555    697.1392    692.2406    686.2781    678.0336    667.9843
      0.0000      0.0000    674.1506    687.0397    695.2837    700.1552    702.8681    704.6884    705.9183    706.9966    707.7900    708.5193    709.0510    709.4755    709.7462    709.9099    709.9200    709.7798    709.4859    708.9547    708.2265    707.3912    706.2718    705.0456    703.5351    701.7008    699.3650    696.3578    692.2839    686.7563    678.7276    668.6355
      0.0000      0.0000    674.9317    688.4283    697.4119    702.8055    705.7803    707.7734    709.0909    710.2114    711.0054    711.7335    712.2226    712.6461    712.8741    712.9934    712.9611    712.7766    712.3102    711.6915    710.8775    709.9546    708.7491    707.4346    705.7072    703.6542    700.9281    697.3121    692.4141    686.4521    678.1649    668.0732
      0.0000      0.0000    673.3689    685.3048    693.0707    697.9429    700.8714    702.8661    704.2673    705.3896    706.2245    706.9117    707.3555    707.7384    707.8781    708.0001    707.8787    707.6963    707.3138    706.7836    705.9668    705.0894    703.9687    702.6569    701.0583    699.1384    696.5838    693.3171    688.9376    683.7589    676.4245    667.0727
      0.0000      0.0000    670.3728    679.7875    685.6883    689.5561    691.9225    693.6551    694.9285    695.9621    696.7125    697.3544    697.7570    698.0945    698.2360    698.3124    698.2362    698.0514    697.7138    697.3114    696.7133    696.0508    695.1494    694.1402    692.8046    691.3174    689.4165    687.1469    684.1165    680.1093    674.2545    666.2905
      0.0000      0.0000    673.6290    687.6906    698.6286    705.9339    710.7324    713.8989    715.9538    717.2919    718.0419    718.5105    718.6520    718.5990    718.3056    717.9044    717.3063    716.4270    715.3944    714.2545    712.9179    711.5175    709.8334    708.0423    705.8805    703.4380    700.3638    696.6613    691.8056    685.4964    676.9473    667.0724
      0.0000      0.0000    665.9005    676.1416    684.3002    690.2969    694.1838    696.8296    698.4938    699.6149    700.2779    700.6596    700.7139    700.6607    700.4105    700.0964    699.5852    699.0537    698.3251    697.5762    696.6304    695.6210    694.3712    692.9710    691.2434    689.3221    686.9429    684.0226    680.2097    675.3344    668.8708    661.5597
      0.0000      0.0000    665.8554    676.0971    684.2552    690.2519    694.1379    696.7837    698.4472    699.5685    700.1874    700.5690    700.6661    700.6130    700.3623    700.0486    699.5373    699.0063    698.2779    697.5299    696.5842    695.5755    694.2820    692.8821    691.1974    689.2762    686.8964    683.9761    680.1622    675.2866    668.8658    661.5553
      0.0000      0.0000    673.1523    686.1706    695.2834    701.0671    704.8238    707.4252    709.1770    710.4280    711.2656    711.8205    712.0928    712.2562    712.1806    711.9960    711.6158    711.1267    710.3986    709.5185    708.4865    707.3028    705.9237    704.3928    702.5795    700.4840    697.8885    694.7501    690.5902    685.0187    677.0786    667.2467
      0.0000      0.0000    672.0656    682.4369    689.0277    692.8573    695.2228    696.9557    698.1852    699.2196    699.9695    700.6554    701.1008    701.4823    701.6665    701.8305    701.7537    701.6133    701.3192    700.9182    700.3202    699.6151    698.6260    697.5733    696.2365    694.7061    692.7613    690.3623    687.2008    682.9332    676.4691    667.7243
      0.0000      0.0000    674.9330    688.4294    697.4118    702.7625    705.7799    707.7738    709.0905    710.2117    711.0051    711.7341    712.2228    712.6472    712.8747    712.9948    712.9182    712.7775    712.3097    711.6912    710.8760    709.9537    708.7474    707.4339    705.7063    703.6547    700.9284    697.3131    692.4143    686.4528    678.1645    668.0726
      0.0000      0.0000    674.8890    688.4285    697.3250    702.5877    705.5624    707.5554    708.9165    709.9937    710.8316    711.5599    712.0929    712.5599    712.8318    712.9944    712.9619    712.8203    712.3968    711.8208    711.0499    710.1266    708.9650    707.6075    705.7941    703.4810    700.0603    694.3592    686.0729    679.8929    672.2998    663.2927
      0.0000      0.0000    669.0255    677.7048    682.8663    686.0832    687.9266    689.2699    690.2370    691.1418    691.8464    692.5331    693.0636    693.5328    693.8458    694.0977    694.1936    694.2718    694.1503    693.9677    693.5857    693.0992    692.4564    691.6656    690.5449    689.2331    687.3739    684.9758    681.7695    678.0246    672.5155    665.0751
      0.0000      0.0000    669.2013    677.9649    683.3432    686.6887    688.6629    690.0920    691.1474    692.0950    692.8014    693.4878    693.9765    694.4453    694.7164    694.9674    695.0207    695.0539    694.8895    694.6619    694.2370    693.7492    693.0208    692.1426    690.9801    689.5808    687.6794    685.1935    681.9447    678.1547    672.6026    665.1604
      0.0000      0.0000    674.9315    688.4737    697.3685    702.6769    705.6495    707.6440    709.0027    710.0814    710.9172    711.6476    712.1789    712.6479    712.9178    713.0823    713.0479    712.9518    712.4829    711.9088    711.1358    710.2145    709.0508    707.6954    705.8802    703.5693    700.1031    694.4470    686.1150    679.9370    672.3419    663.3368
      0.0000      0.0000    674.8901    688.3862    697.3677    702.7615    705.8222    707.8165    709.1768    710.2552    711.0924    711.7786    712.2671    712.6914    712.9184    713.0385    712.9183    712.7781    712.2668    711.6482    710.7891    709.8666    708.6603    707.3038    705.5762    703.5247    700.7980    697.1395    692.2406    686.2794    678.0341    667.9855
      0.0000      0.0000    672.1095    682.6124    689.2921    693.5549    696.1359    698.0011    699.3590    700.4385    701.1863    701.8737    702.2734    702.6130    702.7519    702.7874    702.6654    702.4832    702.0569    701.6140    700.9273    700.1372    699.0593    697.9214    696.4522    694.8366    692.7595    690.3189    687.0256    682.6733    676.2513    667.5517
      0.0000      0.0000    673.1520    686.1730    695.3271    701.1122    704.8665    707.4695    709.2195    710.4723    711.3082    711.8650    712.1355    712.3009    712.2234    712.0407    711.6585    711.1713    710.4416    709.5636    708.4864    707.3477    705.9662    704.4370    702.6215    700.5279    697.9306    694.7942    690.5891    685.0193    677.0765    667.2896
      0.0000      0.0000    665.8570    676.0978    684.2566    690.2094    694.0530    696.6984    698.3630    699.5274    700.1474    700.5288    700.5835    700.5735    700.3238    700.0095    699.4987    698.9668    698.2384    697.4892    696.5437    695.5774    694.3279    692.9274    691.2436    689.3219    686.9430    684.0224    680.2100    675.3344    668.8712    661.5599
      0.0000      0.0000    658.8225    663.4601    666.7124    669.1365    670.6781    671.8894    672.6856    673.3281    673.7312    674.0686    674.2104    674.3302    674.3415    674.2874    674.1247    673.9834    673.6900    673.4181    673.0378    672.6357    672.0819    671.4628    670.7353    669.9427    668.8678    667.6841    666.1309    664.0781    661.1344    657.2974
      0.0000      0.0000    673.6293    687.6485    698.4107    705.8902    710.6875    713.8539    715.9084    717.2472    717.9971    718.4665    718.6078    718.5553    718.2616    717.8609    717.2190    716.3836    715.3507    714.2113    712.8743    711.4744    709.7899    707.9990    705.8368    703.3949    700.3639    696.6186    691.7625    685.4533    676.9468    667.0292
      0.0000      0.0000    672.1110    682.6111    689.2483    693.5523    696.1352    697.9992    699.3591    700.4373    701.1872    701.8298    702.2747    702.5691    702.7093    702.7862    702.6659    702.4387    702.0576    701.5697    700.9278    700.0924    699.0597    697.8771    696.4535    694.7932    692.7616    690.2761    687.0277    682.6734    676.2524    667.5503
      0.0000      0.0000    674.1499    687.0402    695.3277    700.2007    702.9135    704.7345    705.9632    707.0415    707.8337    708.5634    709.0944    709.5196    709.7895    709.9537    709.9196    709.8233    709.5288    708.9984    708.2260    707.3914    706.3148    705.0893    703.5347    701.7442    699.3638    696.3569    692.3258    686.7561    678.7279    668.6367
      0.0000      0.0000    669.3726    678.2695    683.7341    687.1251    689.1416    690.5723    691.6261    692.5751    693.3232    693.9671    694.4539    694.9235    695.2361    695.4450    695.5404    695.5321    695.3665    695.1405    694.7144    694.1847    693.4549    692.6213    691.4134    689.9714    688.0249    685.5405    682.2472    678.4159    672.7757    665.2490
      0.0000      0.0000    673.0236    685.9542    695.2838    701.3709    705.0404    707.4246    709.0461    710.2537    711.0914    711.7334    712.1796    712.5603    712.7017    712.7343    712.6148    712.3866    711.8324    711.1696    710.2680    709.2581    708.0092    706.5215    704.7080    702.4821    699.5825    695.7926    690.8073    684.8886    676.7748    667.0732
      0.0000      0.0000    666.1171    673.2746    677.7410    680.6936    682.4942    683.8808    684.8924    685.7971    686.5029    687.1026    687.5471    687.9724    688.2424    688.4500    688.5027    688.5367    688.4159    688.1895    687.8515    687.4079    686.7659    686.0615    685.1152    684.0198    682.5953    680.9352    678.7722    676.0693    671.3424    664.5088
      0.0000      0.0000    673.0196    685.9978    695.3278    701.4175    705.0423    707.4712    709.0904    710.2553    711.0909    711.7774    712.2218    712.6038    712.7435    712.7775    712.6565    712.4301    711.8748    711.2139    710.3109    709.3025    708.0520    706.5660    704.7509    702.5265    699.6250    695.8362    690.8490    684.9314    676.8163    667.0742
      0.0000      0.0000    668.8962    677.3978    682.5175    685.6443    687.4904    688.8316    689.8021    690.7050    691.4128    692.0540    692.5874    693.0542    693.3699    693.6626    693.7609    693.7928    693.6737    693.4884    693.1089    692.6633    692.0230    691.2297    690.1550    688.8405    687.0275    684.6704    681.4670    677.7632    672.3435    665.0302
      0.0000      0.0000    674.1944    687.0400    695.3273    700.1991    702.9118    704.7318    706.0047    707.0394    707.8329    708.5627    709.0949    709.5635    709.7910    709.9982    709.9645    709.8674    709.5297    708.9983    708.2696    707.4339    706.3139    705.1311    703.5773    701.7436    699.3646    696.4012    692.3272    686.8000    678.7282    668.6362
      0.0000      0.0000    672.0657    682.4354    688.8573    692.8565    695.2233    696.9557    698.1861    699.2196    700.0137    700.6553    701.1014    701.5252    701.7103    701.8299    701.7542    701.6565    701.3199    700.9180    700.3208    699.6148    698.6701    697.5730    696.2370    694.7055    692.7612    690.4045    687.2440    682.9327    676.4702    667.7246
      0.0000      0.0000    673.5434    687.5616    698.4553    705.6735    710.3846    713.5077    715.4754    716.8139    717.6073    718.0761    718.2172    718.2076    717.9138    717.5564    716.9583    716.1665    715.1339    714.0379    712.7446    711.3446    709.7470    707.9559    705.8370    703.4380    700.4071    696.7486    691.8927    685.5838    677.0777    667.1163
      0.0000      0.0000    658.8211    663.4602    666.6712    669.0526    670.6386    671.8063    672.6027    673.2446    673.6477    673.9843    674.1263    674.2455    674.2572    674.2463    674.0844    673.9432    673.6941    673.4221    672.9989    672.5964    672.0430    671.5104    670.7398    669.9465    668.9151    667.7306    666.1776    664.1679    661.1813    657.3009
      0.0000      0.0000    656.2158    659.5097    661.6337    663.3184    664.3384    665.1598    665.6945    666.1639    666.4357    666.6869    666.8279    666.9051    666.9156    666.9056    666.7854    666.6884    666.4812    666.2972    666.0467    665.7324    665.3516    664.9504    664.4393    663.9081    663.1798    662.4312    661.3985    660.1281    658.0957    655.3025
      0.0000      0.0000    672.6752    686.3868    696.8896    704.2372    708.9506    712.0731    714.0432    715.3805    716.0884    716.5120    716.5674    716.5124    716.1764    715.7304    715.0904    714.2970    713.2227    712.0819    710.7468    709.3454    707.7061    705.9137    703.7965    701.3523    698.4094    694.7925    690.0687    683.9757    675.7754    666.2031
      0.0000      0.0000    670.3288    679.7462    685.6879    689.5139    691.9214    693.6562    694.9277    695.9202    696.6683    697.3121    697.7121    698.0516    698.1907    698.3127    698.1909    698.0520    697.7127    697.3129    696.7131    696.0530    695.1492    694.0982    692.8035    691.2747    689.4152    687.1048    684.1157    680.1103    674.2527    666.2911
      0.0000      0.0000    674.8888    688.3858    697.3682    702.7620    705.7788    707.7721    709.1318    710.2528    711.0464    711.7760    712.2654    712.6905    712.8752    712.9956    712.9190    712.7347    712.2668    711.6480    710.7893    709.8668    708.6606    707.3040    705.5770    703.4824    700.7559    697.1402    692.2408    686.2786    678.0332    667.9845
      0.0000      0.0000    668.8960    677.3989    682.5185    685.6453    687.4907    688.7884    689.8017    690.7047    691.4120    692.0535    692.5867    693.0540    693.3697    693.6194    693.7609    693.7931    693.6737    693.4886    693.1087    692.6633    692.0229    691.2298    690.1549    688.8407    687.0273    684.6271    681.4667    677.7631    672.3432    665.0307
      0.0000      0.0000    666.1159    673.2757    677.7420    680.6953    682.4947    683.8816    684.8921    685.7975    686.5025    687.1028    687.5466    687.9727    688.2422    688.4509    688.5031    688.5379    688.4161    688.1901    687.8509    687.4078    686.7647    686.0610    685.1140    684.0196    682.5948    680.9356    678.7719    676.0696    671.3421    664.5101
      0.0000      0.0000    669.0260    678.7910    685.1233    689.2970    691.8778    693.7433    695.0578    696.1376    696.9724    697.7035    698.1901    698.6166    698.8420    699.0510    699.0590    699.0072    698.7547    698.4424    697.9295    697.3133    696.4961    695.4888    694.1938    692.7089    690.8928    688.6695    685.7234    681.6747    675.2954    666.5083
      0.0000      0.0000    668.9847    678.7896    685.1232    689.2943    691.8337    693.6967    695.0570    696.1351    696.9728    697.6590    698.1483    698.6162    698.8438    699.0070    699.0172    698.9629    698.7557    698.4409    697.9299    697.3114    696.4531    695.4436    694.1507    692.7072    690.8502    688.6684    685.6812    681.6740    675.2971    666.5072
      0.0000      0.0000    666.1152    673.2742    677.7416    680.6944    682.4949    683.8808    684.8921    685.7963    686.5023    687.1020    687.5903    687.9722    688.2427    688.4504    688.5034    688.5371    688.4162    688.2326    687.8512    687.4074    686.7656    686.0610    685.1149    684.0194    682.5955    680.9354    678.8159    676.0690    671.3421    664.5090
      0.0000      0.0000    669.3732    678.2692    683.7335    687.1245    689.1414    690.5725    691.6701    692.5757    693.3236    693.9673    694.4972    694.9233    695.2358    695.4447    695.5402    695.5319    695.3666    695.1409    694.7151    694.1857    693.4558    692.6219    691.4137    689.9715    688.0682    685.5402    682.2469    678.4155    672.8188    665.2486
      0.0000      0.0000    674.9330    688.4297    697.4121    702.7625    705.7794    707.7727    709.0890    710.2102    711.0040    711.7335    712.2227    712.6475    712.8752    713.0389    712.9624    712.7783    712.3103    711.6911    710.8753    709.9525    708.7901    707.4338    705.7069    703.6556    700.9292    697.3138    692.4149    686.4530    678.1640    668.0714
      0.0000      0.0000    670.1977    679.4418    685.1672    688.9065    691.1837    692.8312    694.0588    695.0510    695.7989    696.4426    696.8861    697.2690    697.4081    697.5301    697.4518    697.3565    697.0612    696.6621    696.1062    695.4895    694.6290    693.6644    692.4125    690.9702    689.1105    686.9301    683.9845    680.0662    674.2527    666.3352
      0.0000      0.0000    672.6318    686.3019    696.9342    704.0649    708.7329    711.8126    713.7811    715.1197    715.8266    716.2518    716.3498    716.2966    715.9599    715.5588    714.9175    714.1684    713.0922    711.9955    710.6588    709.2583    707.6611    705.8699    703.7951    701.3960    698.4523    694.8369    690.1554    684.0637    675.8187    666.2477
      0.0000      0.0000    656.2168    659.5113    661.6354    663.2772    664.2973    665.1192    665.6974    666.1675    666.4393    666.6910    666.7884    666.9092    666.8759    666.9096    666.7892    666.6925    666.4850    666.3446    666.0500    665.7792    665.3544    664.9969    664.4421    663.9112    663.2262    662.4347    661.4020    660.1322    658.0998    655.3070
      0.0000      0.0000    668.4616    680.0479    689.0749    695.5510    699.7420    702.5173    704.3119    705.4757    706.1389    706.4765    706.5311    706.4775    706.1844    705.7831    705.2291    704.6103    703.7520    702.9160    701.7538    700.5272    699.1043    697.5301    695.6727    693.5772    690.9810    687.8427    683.7255    678.4581    671.3864    663.2494
      0.0000      0.0000    673.7167    686.8237    695.6316    701.3737    704.9546    707.4706    709.1333    710.3420    711.1775    711.7774    712.0477    712.2563    712.2223    712.0830    711.7447    711.3011    710.6151    709.7807    708.7039    707.6090    706.2279    704.7420    702.9265    700.8758    698.2782    695.1414    690.9795    685.4533    677.5547    667.6375
      0.0000      0.0000    673.3690    685.3037    693.0696    697.9414    700.8708    702.8655    704.2679    705.3901    706.1826    706.8693    707.3137    707.6957    707.8788    707.9564    707.8353    707.6521    707.2702    706.7394    705.9665    705.0884    703.9247    702.6559    701.0580    699.0944    696.5844    693.2741    688.9388    683.7595    676.4255    667.0727
      0.0000      0.0000    674.9329    688.4736    697.3680    702.6763    705.6493    707.6442    709.0033    710.0822    710.9181    711.6484    712.1795    712.6484    712.8747    713.0824    713.0479    712.9080    712.4826    711.9085    711.1357    710.2144    709.0507    707.6515    705.8795    703.5250    700.1025    694.4033    686.1149    679.9370    672.3422    663.2938
      0.0000      0.0000    673.0225    685.9964    695.3270    701.4138    705.0404    707.4676    709.0465    710.2540    711.0925    711.7774    712.2237    712.6032    712.7445    712.7763    712.6573    712.4290    711.8759    711.2130    710.3120    709.3014    708.0527    706.5643    704.7511    702.5249    699.6260    695.8360    690.8514    684.9319    676.8182    667.0723
      0.0000      0.0000    668.9818    678.7890    685.1236    689.2964    691.8355    693.6991    695.0582    696.1360    696.9723    697.6585    698.1904    698.6154    698.8426    699.0501    699.0164    699.0065    698.7555    698.4416    697.9303    697.3125    696.4535    695.4443    694.1940    692.7073    690.8495    688.6682    685.7238    681.6736    675.2961    666.5074
      0.0000      0.0000    669.6330    680.0483    686.8600    691.3369    694.1799    696.2170    697.6629    698.8274    699.7074    700.4374    700.9265    701.3521    701.5366    701.7009    701.6674    701.5706    701.2326    700.8748    700.2763    699.6148    698.6257    697.5301    696.1501    694.5768    692.6319    690.2764    687.1578    682.8029    676.1210    667.0288
      0.0000      0.0000    669.0278    678.7913    685.1236    689.2970    691.8785    693.7001    695.0583    696.1375    696.9724    697.6596    698.1901    698.6163    698.8425    699.0514    699.0168    699.0080    698.7555    698.4421    697.9288    697.3118    696.4518    695.4446    694.1940    692.7088    690.8494    688.6687    685.7230    681.6743    675.2961    666.5091
      0.0000      0.0000    673.0206    685.9543    695.2838    701.3733    704.9983    707.4273    709.0469    710.2556    711.0481    711.7348    712.1793    712.5614    712.7012    712.7353    712.6142    712.3875    711.8316    711.1701    710.2665    709.2578    707.9640    706.5218    704.7071    702.4831    699.5819    695.7934    690.8064    684.8892    676.7739    667.0743
      0.0000      0.0000    674.8887    688.4291    697.3252    702.6330    705.6070    707.5572    708.9169    710.0380    710.8747    711.6039    712.1360    712.5606    712.8315    712.9949    712.9615    712.8643    712.3964    711.8650    711.0499    710.1710    708.9649    707.6081    705.7938    703.4817    700.0599    694.3589    686.0710    679.8922    672.3425    663.2936
      0.0000      0.0000    673.3265    685.2589    692.9819    697.8521    700.7829    702.7767    704.1808    705.3021    706.1395    706.8252    707.2707    707.6514    707.8356    707.9117    707.7918    707.6076    707.2273    706.7392    705.9246    705.0454    703.9261    702.6555    701.0150    699.0932    696.5407    693.2724    688.9388    683.7591    676.4268    667.0727
      0.0000      0.0000    673.6299    686.6925    695.6307    701.1984    704.7805    707.2528    708.9169    710.1688    711.0054    711.6046    711.9191    712.0832    712.0497    711.9528    711.6149    711.1704    710.4850    709.6496    708.6169    707.4776    706.1406    704.6536    702.8386    700.7872    698.1908    695.0539    690.9370    685.4539    677.5561    667.6382
      0.0000      0.0000    668.4203    679.9614    688.9892    695.4209    699.5701    702.3887    704.1419    705.3489    705.9702    706.3503    706.4059    706.3509    706.0585    705.6993    705.1027    704.4828    703.6691    702.7886    701.6705    700.4425    699.0203    697.4448    695.6317    693.5352    690.9405    687.8018    683.7301    678.4191    671.3922    663.2535
      0.0000      0.0000    656.2169    659.5100    661.6333    663.3176    664.3377    665.1593    665.6942    666.1639    666.4358    666.6871    666.8280    666.9052    666.9156    666.9056    666.7854    666.6885    666.5246    666.3407    666.0467    665.7759    665.3517    664.9942    664.4397    663.9085    663.2234    662.4314    661.3985    660.1282    658.0956    655.3020
      0.0000      0.0000    672.6730    686.3449    696.8472    704.1539    708.8217    711.9458    713.9132    715.2085    715.9574    716.3826    716.4358    716.3830    716.0452    715.6448    715.0029    714.2549    713.1784    712.0395    710.7458    709.3463    707.7049    705.9143    703.8383    701.4394    698.4945    694.8797    690.1539    684.0631    675.8180    666.2488
      0.0000      0.0000    670.4158    679.8304    685.6874    689.4676    691.7905    693.4797    694.7104    695.7012    696.4524    697.0945    697.4973    697.8778    698.0624    698.1816    698.1052    697.9635    697.6264    697.2677    696.6701    696.0510    695.1931    694.1833    692.8912    691.4472    689.5903    687.3211    684.3344    680.3702    674.4717    666.4208
      0.0000      0.0000    674.9326    688.4297    697.4114    702.7631    705.7797    707.7742    709.0899    710.2118    711.0044    711.7344    712.2224    712.6478    712.8746    712.9955    712.9180    712.7779    712.3094    711.6916    710.8757    709.9541    708.7472    707.3914    705.7066    703.6557    700.9281    697.3132    692.4135    686.4530    678.1639    668.0729
      0.0000      0.0000    669.1988    677.9649    683.3432    686.6899    688.6634    690.0933    691.1477    692.0960    692.8012    693.4880    693.9756    694.4449    694.7151    694.9670    695.0196    695.0541    694.8893    694.6628    694.2372    693.7067    693.0207    692.1433    690.9798    689.5811    687.6785    685.1932    681.9434    678.1543    672.6013    665.1606
      0.0000      0.0000    666.1161    673.2750    677.7419    680.6951    682.4954    683.8818    684.8926    685.7972    686.5024    687.1022    687.5465    687.9722    688.2424    688.4508    688.5035    688.5377    688.4163    688.1895    687.8508    687.4073    686.7651    686.0611    685.1149    684.0202    682.5959    680.9360    678.7724    676.0694    671.3426    664.5105
      0.0000      0.0000    669.0263    678.7888    685.1231    689.2953    691.8784    693.6986    695.0584    696.1361    696.9727    697.6585    698.1906    698.6153    698.8429    699.0500    699.0601    699.0065    698.7559    698.4415    697.9302    697.3118    696.4531    695.4440    694.1944    692.7076    690.8498    688.6678    685.7239    681.6742    675.2976    666.5088
      0.0000      0.0000    668.9822    678.7896    685.1233    689.2961    691.8348    693.6988    695.0576    696.1359    696.9720    697.6587    698.1468    698.6157    698.8426    699.0071    699.0168    698.9640    698.7125    698.4420    697.9298    697.3121    696.4528    695.4443    694.1504    692.7077    690.8494    688.6247    685.6797    681.6736    675.2960    666.5080
      0.0000      0.0000    666.1154    673.2745    677.6985    680.6509    682.4947    683.8806    684.8924    685.7968    686.4593    687.1020    687.5466    687.9715    688.2419    688.4496    688.5029    688.5369    688.3731    688.1899    687.8087    687.4080    686.7660    686.0611    685.0715    683.9759    682.5519    680.8916    678.7723    676.0688    671.3423    664.5095
      0.0000      0.0000    669.0258    677.7025    682.8651    686.0798    687.8812    689.2663    690.2354    691.1388    691.8455    692.5309    693.0637    693.5317    693.8468    694.0971    694.1947    694.2711    694.1516    693.9676    693.5875    693.0995    692.4586    691.6661    690.5904    689.2331    687.3752    684.9752    681.7704    678.0232    672.5151    665.0721
      0.0000      0.0000    674.8884    688.3436    697.3249    702.7198    705.7355    707.7301    709.0890    710.2118    711.0044    711.7353    712.2230    712.6488    712.8315    712.9960    712.8744    712.7348    712.2221    711.6047    710.7880    709.8232    708.6593    707.3039    705.5755    703.4819    700.7544    697.1404    692.2404    686.2798    678.0333    667.9862
      0.0000      0.0000    670.1107    679.3534    685.1670    688.9484    691.3140    693.0040    694.2766    695.3110    696.0168    696.6591    697.1038    697.4419    697.5826    697.6601    697.5835    697.4433    697.1054    696.7041    696.1490    695.4876    694.5854    693.5769    692.2836    690.8401    688.9814    686.7125    683.7245    679.8048    674.0358    666.2034
      0.0000      0.0000    672.6299    686.2594    696.7609    704.1112    708.7775    711.9015    713.9112    715.2073    715.9558    716.3823    716.4354    716.3838    716.0456    715.6027    714.9600    714.2124    713.1348    711.9962    710.6580    709.2593    707.6174    705.8280    703.7083    701.3107    698.3653    694.7511    690.0675    683.9766    675.7299    666.2046
      0.0000      0.0000    656.2169    659.4669    661.5919    663.2760    664.2972    665.1180    665.6538    666.1228    666.3958    666.6466    666.7888    666.8655    666.8769    666.8661    666.7466    666.6484    666.4852    666.3002    666.0068    665.7351    665.3116    664.9532    664.3997    663.8679    663.1842    662.3916    661.4033    660.0887    658.1005    655.2627
      0.0000      0.0000    658.8210    663.4597    666.6702    669.0946    670.6371    671.8049    672.6019    673.2443    673.6482    673.9852    674.1277    674.2470    674.2587    674.2471    674.0848    673.9428    673.6501    673.4214    672.9983    672.5958    672.0424    671.4662    670.7392    669.9462    668.9153    667.7313    666.1352    664.1252    661.1817    657.3009
      0.0000      0.0000    673.5870    687.6044    698.4543    705.6724    710.3837    713.5071    715.5188    716.8576    717.6078    718.0768    718.2181    718.2084    717.9146    717.5571    716.9587    716.1663    715.1332    714.0367    712.7434    711.3435    709.7463    707.9556    705.8371    703.3950    700.4078    696.7057    691.8931    685.5840    677.0344    667.1162
      0.0000      0.0000    672.0659    682.4380    688.8577    692.8590    695.2670    696.9581    698.1863    699.2217    700.0135    700.6571    701.1444    701.5268    701.7096    701.8310    701.7528    701.6569    701.3181    700.9183    700.3191    699.6151    698.6682    697.5733    696.2353    694.7061    692.7600    690.4057    687.2434    682.9342    676.4690    667.7248
      0.0000      0.0000    674.1515    687.0390    695.2835    700.1547    702.8684    704.6880    705.9182    706.9957    707.7899    708.5190    709.0521    709.4764    709.7480    709.9109    709.9213    709.7799    709.4863    708.9542    708.2265    707.3904    706.2714    705.0876    703.5346    701.7002    699.3656    696.3579    692.2846    686.7566    678.7294    668.6370
      0.0000      0.0000    669.0693    677.7053    682.8658    686.0829    687.9256    689.2695    690.2362    691.1417    691.8458    692.5332    693.0634    693.5335    693.8461    694.0985    694.1935    694.2719    694.1498    693.9678    693.5852    693.1425    692.4557    691.6655    690.5880    689.2333    687.3735    684.9759    681.7692    678.0250    672.5153    665.0752
      0.0000      0.0000    673.0218    685.9550    695.2845    701.3725    705.0406    707.4254    709.0457    710.2542    711.0910    711.7772    712.1788    712.5602    712.7007    712.7344    712.6143    712.3872    711.8322    711.1701    710.2673    709.2579    708.0079    706.5215    704.7074    702.4828    699.5822    695.7932    690.8068    684.8887    676.7734    667.0724
      0.0000      0.0000    666.1179    673.2743    677.7410    680.6920    682.4931    683.8786    684.8915    685.7959    686.5033    687.1026    687.5917    687.9727    688.2437    688.4504    688.5040    688.5370    688.4169    688.2325    687.8517    687.4070    686.7657    686.0602    685.1147    684.0184    682.5953    680.9349    678.8169    676.0698    671.3438    664.5094
      0.0000      0.0000    673.0219    685.9979    695.3273    701.4159    705.0413    707.4700    709.0469    710.2553    711.0918    711.7781    712.2231    712.6045    712.7447    712.7781    712.6575    712.4302    711.8751    711.2133    710.3107    709.3016    708.0517    706.5652    704.7508    702.5260    699.6253    695.8364    690.8505    684.9330    676.8179    667.0735
      0.0000      0.0000    669.1998    677.9621    683.3427    686.6873    688.6637    690.0917    691.1488    692.0951    692.8028    693.4873    693.9774    694.4444    694.7168    694.9660    695.0208    695.0526    694.8901    694.6615    694.2384    693.7058    693.0221    692.1421    690.9808    689.5796    687.6796    685.1920    681.9448    678.1537    672.6038    665.1605
      0.0000      0.0000    674.1495    686.9964    695.2837    700.1564    702.8254    704.6464    705.9188    706.9541    707.7901    708.4767    709.0079    709.4767    709.7470    709.9115    709.8773    709.7809    709.4423    708.9547    708.1819    707.3470    706.2704    705.0452    703.4912    701.7013    699.3213    696.3579    692.2833    686.7569    678.7282    668.6374
      0.0000      0.0000    672.0655    682.5682    689.2052    693.4667    696.0915    697.9556    699.2704    700.3491    701.1414    701.7852    702.2298    702.5691    702.6657    702.7438    702.6225    702.3961    702.0138    701.5702    700.8840    700.0932    699.0163    697.8781    696.4102    694.7943    692.7615    690.2766    687.0268    682.6732    676.2511    667.5504
      0.0000      0.0000    673.5448    687.6047    698.3236    705.8022    710.5575    713.7238    715.7800    717.1184    717.9130    718.3813    718.4799    718.4694    718.1759    717.7739    717.1326    716.2961    715.2640    714.1236    712.8310    711.3867    709.7466    707.9548    705.7933    703.3506    700.3209    696.6188    691.7641    685.4545    676.9489    667.0293
      0.0000      0.0000    658.8221    663.4620    666.6720    669.0982    670.6402    671.8528    672.6486    673.2920    673.6946    674.0327    674.1739    674.2944    674.3050    674.2514    674.1314    673.9472    673.6966    673.4254    673.0010    672.5997    672.0452    671.4702    670.7420    669.9065    668.8740    667.6908    666.0935    664.0850    661.1411    657.3053
      0.0000      0.0000    665.8577    676.0977    684.2128    690.1653    694.0095    696.6553    698.3204    699.4849    700.1050    700.4862    700.5408    700.5305    700.2805    699.9657    699.4548    698.9226    698.1945    697.4452    696.4999    695.5336    694.2843    692.8837    691.2002    689.2783    686.8996    683.9789    680.1668    675.2914    668.8719    661.5601
      0.0000      0.0000    673.1081    686.0850    695.0237    701.0256    704.7372    707.3394    709.0894    710.3413    711.1776    711.7338    712.0050    712.1698    712.0928    711.9095    711.5280    711.0404    710.3112    709.4762    708.3997    707.2608    705.8368    704.3504    702.4919    700.4411    697.8443    694.7073    690.5459    684.9755    677.0771    667.2465
      0.0000      0.0000    672.1095    682.6101    689.2478    693.5083    696.0912    697.9980    699.3146    700.3927    701.1865    701.8293    702.2314    702.5692    702.7100    702.7867    702.6230    702.4389    702.0577    701.5693    700.9275    700.0919    699.0594    697.8766    696.4533    694.8364    692.7617    690.2760    687.0277    682.6731    676.2527    667.5511
      0.0000      0.0000    674.8886    688.3438    697.3260    702.7209    705.7804    707.7744    709.1330    710.2112    711.0470    711.7336    712.2651    712.6474    712.8745    712.9959    712.9185    712.7351    712.2226    711.6479    710.7881    709.8665    708.6597    707.3042    705.5762    703.5255    700.7546    697.1399    692.2400    686.2791    678.0331    667.9854
      0.0000      0.0000    674.8886    688.4289    697.3242    702.6310    705.6047    707.5550    708.9154    710.0371    710.8743    711.6037    712.1359    712.5605    712.8314    712.9950    712.9618    712.8645    712.4402    711.8651    711.0500    710.1710    708.9647    707.6078    705.7935    703.4818    700.0605    694.3601    686.0725    679.8931    672.3424    663.2931
      0.0000      0.0000    669.3734    678.2667    683.7333    687.1653    689.1411    690.6131    691.6696    692.5731    693.3236    693.9653    694.4980    694.9220    695.2372    695.4872    695.5415    695.5307    695.3677    695.1398    694.7165    694.1846    693.4569    692.6205    691.4146    689.9701    688.0694    685.5392    682.2482    678.4146    672.8205    665.2475
      0.0000      0.0000    668.8955    677.4006    682.5180    685.6472    687.4901    688.7900    689.8009    690.7065    691.4118    692.0558    692.5866    693.0561    693.3692    693.6645    693.7600    693.7944    693.6725    693.4896    693.1072    692.6640    692.0212    691.2306    690.1535    688.8418    687.0262    684.6719    681.4657    677.7641    672.3414    665.0309
      0.0000      0.0000    674.9300    688.4726    697.3684    702.6771    705.6502    707.6445    709.0031    710.0812    710.9169    711.6468    712.1783    712.6474    712.9178    713.0825    713.0485    712.9086    712.4832    711.9087    711.1360    710.2144    709.0509    707.6951    705.8800    703.5689    700.1031    694.4033    686.1145    679.9361    672.3416    663.2940
      0.0000      0.0000    674.9340    688.4297    697.4111    702.7614    705.7783    707.7289    709.0892    710.1679    711.0053    711.6917    712.2238    712.6484    712.8754    712.9954    712.9184    712.7777    712.2663    711.6913    710.8759    709.9102    708.7473    707.3907    705.7066    703.6556    700.9293    697.3143    692.4153    686.4535    678.1642    668.0716
      0.0000      0.0000    672.0654    682.4368    688.8585    692.8590    695.2247    696.9575    698.1864    699.2201    699.9693    700.6548    701.1000    701.4815    701.6660    701.7867    701.7536    701.6132    701.2758    700.9182    700.3201    699.5716    698.6260    697.5736    696.1937    694.6634    692.7616    690.3618    687.1996    682.8885    676.4685    667.7239
      0.0000      0.0000    673.1088    686.0851    695.0235    700.9813    704.7365    707.3387    709.0459    710.3414    711.1346    711.6908    712.0055    712.1266    712.0497    711.8663    711.4850    711.0406    710.3116    709.4328    708.3563    707.2172    705.8369    704.3071    702.4925    700.3981    697.8449    694.6641    690.5026    684.9753    677.0337    667.2467
      0.0000      0.0000    665.8581    676.0553    684.2150    690.1672    694.0550    696.7000    698.3655    699.5295    700.1504    700.5314    700.5869    700.5763    700.3273    700.0123    699.5021    698.9260    698.2419    697.4488    696.5040    695.5372    694.2451    692.8442    691.1611    689.2387    686.8604    683.9390    680.1705    675.2941    668.8312    661.5187
      0.0000      0.0000    665.8576    676.0968    684.3800    690.2077    694.0522    696.6972    698.4063    699.5268    700.1478    700.5286    700.6274    700.5732    700.3240    700.0087    699.4986    698.9660    698.2386    697.4888    696.5443    695.5341    694.2855    692.8844    691.2014    689.2789    686.8572    683.9791    680.1671    675.2906    668.8714    661.5588
      0.0000      0.0000    673.5864    687.6052    698.3671    705.8476    710.6018    713.7691    715.8235    717.1627    717.9556    718.4249    718.5219    718.5126    718.2180    717.8173    717.1750    716.3400    715.3069    714.1680    712.8307    711.4310    709.7894    707.9554    705.8363    703.3948    700.3201    696.6187    691.7622    685.4535    676.9470    667.0730
      0.0000      0.0000    670.1562    679.3966    685.2103    688.9906    691.3137    693.0459    694.3192    695.3090    696.0593    696.7009    697.1036    697.4845    697.6264    697.7031    697.6274    697.4862    697.1493    696.7471    696.1495    695.5306    694.6294    693.6198    692.3277    690.8401    688.9826    686.7558    683.7685    679.8478    674.0368    666.2036
      0.0000      0.0000    673.3268    685.2600    693.0262    697.8973    700.7845    702.8224    704.2257    705.3471    706.1398    706.8256    707.2701    707.6513    707.8350    707.9119    707.8349    707.6513    707.2703    706.7393    705.9672    705.0451    703.9252    702.6554    701.0146    699.0936    696.5839    693.2728    688.9383    683.7591    676.4266    667.0736
      0.0000      0.0000    674.9321    688.4301    697.4121    702.8074    705.7803    707.7747    709.1334    710.2117    711.0041    711.7343    712.2224    712.6481    712.8749    713.0393    712.9615    712.7781    712.3094    711.6916    710.8754    709.9537    708.7902    707.4345    705.7063    703.6991    700.9717    697.3139    692.4142    686.4535    678.1638    668.0726
      0.0000      0.0000    674.1943    687.0407    695.3274    700.2002    702.9126    704.7337    706.0060    707.0414    707.8337    708.5637    709.0945    709.5633    709.7897    709.9979    709.9637    709.8676    709.5291    708.9984    708.2689    707.4342    706.3137    705.1318    703.5772    701.7443    699.3646    696.4017    692.3268    686.8003    678.7283    668.6379
      0.0000      0.0000    674.8885    688.3862    697.3677    702.7625    705.7788    707.8166    709.1758    710.2542    711.0905    711.7773    712.2657    712.6914    712.8751    712.9960    712.9184    712.7348    712.2661    711.6482    710.7885    709.8665    708.6593    707.3034    705.5757    703.5255    700.7552    697.1407    692.2407    686.2794    678.0330    667.9853
      0.0000      0.0000    673.3681    685.3029    693.0699    697.9411    700.8278    702.8651    704.2679    705.3892    706.1821    706.8680    707.3131    707.6947    707.8786    707.9558    707.8355    707.6518    707.2707    706.7394    705.9672    705.0884    703.9253    702.6558    701.0585    699.0940    696.5841    693.2728    688.9382    683.7589    676.4263    667.0735
      0.0000      0.0000    670.3724    679.8310    685.6874    689.4677    691.7465    693.4359    694.6658    695.7002    696.4072    697.0496    697.4954    697.8767    698.0178    698.1379    698.0614    697.9206    697.6268    697.2254    696.6710    696.0091    695.1509    694.1417    692.8924    691.4054    689.5478    687.3219    684.3340    680.3262    674.4269    666.4199
      0.0000      0.0000    673.5439    687.5616    698.2370    705.6735    710.3413    713.4648    715.4764    716.8154    717.5654    718.0344    718.1754    718.1657    717.8714    717.5136    716.9150    716.1227    715.0898    713.9937    712.7003    711.3003    709.7029    707.9122    705.7936    703.3950    700.3641    696.7058    691.8935    685.5850    677.0355    667.1171
      0.0000      0.0000    665.8578    676.0553    684.2151    690.1674    694.0117    696.6568    698.3221    699.4427    700.0634    700.4443    700.5430    700.4891    700.2400    699.9251    699.4584    698.9261    698.1987    697.4493    696.5048    695.4949    694.2462    692.8453    691.2055    689.2830    686.9043    683.9827    680.1701    675.2934    668.8738    661.5619
      0.0000      0.0000    658.8209    663.4610    666.6706    669.0962    670.6810    671.8497    672.6886    673.3318    673.7341    674.0287    674.2132    674.3337    674.3009    674.2908    674.1274    673.9868    673.6929    673.4219    673.0410    672.5963    672.0419    671.4670    670.7390    669.9470    668.8712    667.6880    666.1340    664.1250    661.1371    657.3013
      0.0000      0.0000    672.6316    686.3010    696.9778    704.1513    708.8203    711.9860    713.9553    715.2494    716.0005    716.4247    716.5235    716.4259    716.0900    715.6880    715.0476    714.2544    713.1793    712.0387    710.7467    709.3023    707.6627    705.8705    703.7529    701.3527    698.4098    694.7935    690.1127    683.9765    675.7756    666.2037
      0.0000      0.0000    673.6722    686.6933    695.5011    701.2426    704.8236    707.2963    708.9596    710.2122    711.0046    711.6479    711.9618    712.1266    712.0924    711.9961    711.6576    711.2138    710.5279    709.6934    708.6600    707.5214    706.1837    704.6976    702.8822    700.8317    698.2345    695.0980    690.9798    685.4536    677.5551    667.6384
      0.0000      0.0000    670.1990    679.4404    685.2099    688.9033    691.1820    692.8715    694.0579    695.0924    695.8427    696.4852    696.8872    697.2685    697.4529    697.5733    697.4968    697.3560    697.0619    696.7037    696.1056    695.4870    694.6718    693.6627    692.4135    690.9706    689.1566    686.9311    683.9867    680.0662    674.2539    666.3340
      0.0000      0.0000    672.0671    682.4374    688.8572    692.8572    695.2226    696.9565    698.1860    699.2210    700.0139    700.6565    701.1443    701.5257    701.7093    701.8301    701.7532    701.6568    701.3190    700.9182    700.3197    699.6149    698.6690    697.5733    696.2362    694.7061    692.7608    690.4058    687.2442    682.9339    676.5128    667.7241
      0.0000      0.0000    672.1081    682.6103    689.2922    693.5535    696.1362    697.9997    699.3589    700.4367    701.1861    701.8287    702.2737    702.6119    702.7089    702.7861    702.6657    702.4387    702.0576    701.6132    700.9279    700.0925    699.0595    697.9203    696.4534    694.8368    692.7615    690.2757    687.0268    682.6725    676.2517    667.5500
      0.0000      0.0000    670.3286    679.7443    685.6876    689.5560    691.9212    693.6543    694.9268    695.9615    696.6678    697.3108    697.7126    698.0945    698.2351    698.3124    698.1920    698.0517    697.7135    697.3123    696.7135    696.0520    695.1495    694.0976    692.8045    691.3183    689.4166    687.1044    684.1161    680.1091    674.2530    666.2899
      0.0000      0.0000    673.7166    686.7792    695.6313    701.3726    704.9546    707.4701    709.1340    710.3424    711.1789    711.7779    712.0488    712.2561    712.2226    712.0824    711.7449    711.3006    710.6156    709.7804    708.7044    707.6088    706.2287    704.7419    702.9269    700.8750    698.2780    695.1405    690.9799    685.4533    677.5557    667.6379
      0.0000      0.0000    672.6727    686.3457    696.8476    704.1549    708.8217    711.9027    713.8692    715.2085    715.9132    716.3392    716.4353    716.3397    716.0446    715.6013    714.9586    714.2113    713.1343    712.0398    710.7022    709.3036    707.6618    705.9156    703.7958    701.3979    698.4523    694.8376    690.1537    684.0625    675.8159    666.2471
      0.0000      0.0000    658.8228    663.4625    666.6718    669.0539    670.6390    671.8080    672.6040    673.2474    673.6500    673.9881    674.1296    674.2501    674.2610    674.2074    674.0876    673.9470    673.6533    673.3824    673.0019    672.6008    672.0465    671.4717    670.7436    669.9514    668.9188    667.7351    666.1374    664.1282    661.1836    657.3041
      0.0000      0.0000    656.2173    659.4678    661.6351    663.2765    664.2966    665.1181    665.6964    666.1663    666.4385    666.6902    666.7880    666.9088    666.8758    666.8659    666.7891    666.6921    666.4848    666.3008    666.0067    665.7361    665.3553    664.9544    664.4433    663.9121    663.1837    662.4351    661.4023    660.0885    658.0994    655.2626
      0.0000      0.0000    668.4201    680.0064    688.9896    695.4659    699.6136    702.4333    704.2285    705.3934    706.0567    706.3947    706.4923    706.3953    706.1016    705.7436    705.1890    704.5267    703.7113    702.8752    701.7125    700.4857    699.0624    697.4884    695.6744    693.5794    690.9835    687.8460    683.7292    678.4627    671.3910    663.2539
      0.0000      0.0000    672.6315    686.3012    696.7604    704.0647    708.7334    711.8560    713.8250    715.1192    715.8700    716.2943    716.3930    716.2956    716.0027    715.6009    714.9603    714.2108    713.1357    712.0389    710.7031    709.3020    707.6621    705.9136    703.7959    701.3961    698.4529    694.8800    690.1552    684.0624    675.8178    666.2463
      0.0000      0.0000    673.5859    687.5627    698.2807    705.6754    710.3853    713.5099    715.5197    716.8594    717.6076    718.1210    718.2170    718.2086    717.9566    717.6003    717.0007    716.2101    715.1761    714.0815    712.7866    711.3880    709.7457    707.9998    705.8799    703.4393    700.4505    696.7498    691.9356    685.6278    677.0769    667.1174
      0.0000      0.0000    673.1535    686.1705    695.1535    701.1100    704.8671    707.4684    709.2210    710.4718    711.3097    711.8639    712.1362    712.2990    712.2236    712.0386    711.6590    711.1698    710.4425    709.5624    708.4876    707.3471    705.9682    704.4367    702.6233    700.5270    697.9317    694.7932    690.5907    685.0193    677.0793    667.2900
      0.0000      0.0000    673.6285    687.6914    698.4543    705.9348    710.6894    713.8996    715.9106    717.2492    718.0423    718.5111    718.6084    718.5554    718.2613    717.8606    717.2623    716.4271    715.3508    714.2112    712.9177    711.4742    709.8333    707.9991    705.8803    703.3950    700.3640    696.6624    691.8063    685.4540    676.9477    667.0735
      0.0000      0.0000    672.6749    686.3879    696.8901    704.2382    708.9503    712.0732    714.0857    715.3806    716.1313    716.5124    716.6106    716.5132    716.1765    715.7747    715.1338    714.3411    713.2659    712.1259    710.7900    709.3459    707.7057    705.9139    703.7958    701.3962    698.4094    694.7937    690.1126    683.9769    675.7754    666.2040
      0.0000      0.0000    668.4639    680.0487    689.0759    695.5506    699.7427    702.5177    704.3141    705.4780    706.1428    706.5234    706.5793    706.4813    706.1891    705.7866    705.2333    704.6134    703.7993    702.9187    701.7572    700.5296    699.1076    697.5325    695.6761    693.5797    690.9847    687.8457    683.7734    678.4622    671.3915    663.2533
      0.0000      0.0000    656.2167    659.5114    661.6369    663.3227    664.3442    665.1664    665.7022    666.1719    666.4440    666.6949    666.7922    666.9121    666.9224    666.9120    666.7920    666.6950    666.4881    666.3476    666.0539    665.7831    665.3592    665.0015    664.4471    663.9155    663.2305    662.4382    661.4058    660.1355    658.1034    655.3101
      0.0000      0.0000    656.2171    659.5113    661.6359    663.2771    664.3410    665.1188    665.6974    666.1668    666.4391    666.6903    666.7884    666.9088    666.8760    666.9091    666.7891    666.6917    666.4847    666.3439    666.0502    665.7791    665.3551    664.9972    664.4430    663.9116    663.2271    662.4349    661.4026    660.1322    658.1002    655.3066
      0.0000      0.0000    658.8227    663.4626    666.6720    669.0979    670.6395    671.8525    672.6486    673.2925    673.6952    673.9899    674.1744    674.2947    674.2614    674.2511    674.1308    673.9900    673.6960    673.4250    673.0441    672.6429    672.0883    671.5135    670.7853    669.9934    668.9611    667.7785    666.1815    664.1731    661.1851    657.3490
      0.0000      0.0000    665.8569    676.0980    684.2578    690.2106    694.0987    696.7444    698.4098    699.5307    700.1511    700.5320    700.6302    700.5761    700.3266    700.0117    699.5448    699.0125    698.2850    697.5357    696.5908    695.5808    694.3318    692.9310    691.2476    689.3256    686.9471    684.0259    680.2136    675.3372    668.9176    661.5620
      0.0000      0.0000    665.8558    676.1419    684.4695    690.2558    694.1434    696.7894    698.4975    699.6185    700.2382    700.6195    700.7172    700.6637    700.4136    700.0992    699.5881    699.0563    698.3280    697.5357    696.5902    695.5807    694.3311    692.9310    691.2473    689.3262    686.9038    683.9832    680.2136    675.2943    668.8745    661.5636
      0.0000      0.0000    658.8223    663.4626    666.7152    669.1415    670.6827    671.8958    672.6913    673.3354    673.7374    674.0761    674.2167    674.3377    674.3477    674.2947    674.1742    673.9907    673.7398    673.4693    673.0446    672.6438    672.0888    671.5144    670.7422    669.9508    668.9179    667.6919    666.1374    664.1289    661.1403    657.3047
      0.0000      0.0000    656.2599    659.5117    661.6375    663.3230    664.3444    665.1662    665.7450    666.2144    666.4867    666.7376    666.8355    666.9557    666.9229    666.9125    666.8361    666.7388    666.5321    666.3479    666.0542    665.7829    665.3588    665.0008    664.4466    663.9152    663.2306    662.4382    661.4058    660.1351    658.1032    655.3099
