     -0.6025      1.4610    391.9770    392.9679    393.5207    394.0036    394.1985    394.4384    394.4584    394.5826    394.5356    394.6225    394.5555    394.6326    394.5597    394.6345    394.5599    394.6356    394.5633    394.6399    394.5681    394.6423    394.5671    394.6393    394.5614    394.6309    394.5540    394.6239    394.5437    394.6069    394.5161    394.5614
     -0.3615      1.4610    391.9896    392.9953    393.5591    394.0469    394.2382    394.4764    394.4953    394.6234    394.5791    394.6754    394.6172    394.7072    394.6408    394.7209    394.6445    394.7181    394.6389    394.7094    394.6272    394.6960    394.6176    394.6917    394.6125    394.6809    394.5965    394.6629    394.5761    394.6379    394.5437    394.5863
     -0.1205      1.4610    392.0183    393.0560    393.6523    394.1691    394.3876    394.6463    394.6831    394.8250    394.7919    394.8913    394.8308    394.9139    394.8451    394.9234    394.8494    394.9197    394.8372    394.9024    394.8189    394.8864    394.8038    394.8685    394.7807    394.8402    394.7496    394.8073    394.7107    394.7533    394.6360    394.6468
      0.1205      1.4610    392.0154    393.0572    393.6546    394.1756    394.3958    394.6605    394.6991    394.8443    394.8087    394.9099    394.8494    394.9380    394.8689    394.9478    394.8666    394.9337    394.8445    394.9091    394.8218    394.8889    394.8023    394.8668    394.7768    394.8396    394.7517    394.8142    394.7159    394.7615    394.6404    394.6525
      0.3615      1.4610    391.9872    392.9867    393.5432    394.0269    394.2247    394.4674    394.4913    394.6208    394.5763    394.6681    394.6044    394.6868    394.6185    394.6977    394.6267    394.7039    394.6320    394.7081    394.6344    394.7090    394.6332    394.7049    394.6241    394.6890    394.6044    394.6682    394.5822    394.6436    394.5502    394.5907
      0.6025      1.4610    391.9785    392.9682    393.5196    394.0012    394.1983    394.4426    394.4668    394.5964    394.5520    394.6431    394.5792    394.6612    394.5946    394.6752    394.6056    394.6818    394.6068    394.6797    394.6043    394.6773    394.6024    394.6738    394.5963    394.6658    394.5867    394.6557    394.5722    394.6348    394.5449    394.5894
     -0.9640      1.2523    391.9738    392.9611    393.5084    393.9890    394.1882    394.4328    394.4552    394.5825    394.5372    394.6288    394.5661    394.6475    394.5785    394.6561    394.5840    394.6588    394.5831    394.6539    394.5738    394.6403    394.5588    394.6273    394.5515    394.6263    394.5498    394.6186    394.5353    394.6006    394.5156    394.5632
     -0.7230      1.2523    392.0220    393.0723    393.6820    394.2164    394.4457    394.7184    394.7563    394.8985    394.8530    394.9463    394.8789    394.9638    394.8918    394.9713    394.8908    394.9644    394.8822    394.9549    394.8715    394.9409    394.8553    394.9232    394.8322    394.8898    394.7879    394.8377    394.7286    394.7699    394.6493    394.6633
     -0.4820      1.2523    392.0437    393.1107    393.7169    394.2717    394.5182    394.8020    394.8515    395.0004    394.9620    395.0552    394.9838    395.0594    394.9815    395.0558    394.9791    395.0527    394.9702    395.0357    394.9452    395.0058    394.9123    394.9689    394.8710    394.9252    394.8283    394.8829    394.7786    394.8171    394.6882    394.6887
     -0.2410      1.2523    392.0453    393.1191    393.7424    394.2820    394.5139    394.7880    394.8249    394.9658    394.9201    395.0143    394.9469    395.0315    394.9575    395.0364    394.9586    395.0375    394.9648    395.0473    394.9713    395.0438    394.9562    395.0212    394.9269    394.9819    394.8762    394.9217    394.8059    394.8394    394.7055    394.7066
      0.0000      1.2523    392.0382    393.0969    393.7052    394.2395    394.4747    394.7531    394.7949    394.9363    394.8903    394.9812    394.9116    394.9943    394.9216    395.0044    394.9307    395.0139    394.9410    395.0209    394.9386    395.0039    394.9093    394.9702    394.8803    394.9462    394.8574    394.9162    394.8089    394.8454    394.7115    394.7062
      0.2410      1.2523    392.0515    393.1269    393.7358    394.2885    394.5270    394.7997    394.8368    394.9767    394.9344    395.0305    394.9653    395.0468    394.9714    395.0458    394.9657    395.0409    394.9657    395.0476    394.9742    395.0476    394.9600    395.0178    394.9171    394.9655    394.8578    394.9024    394.7903    394.8252    394.6938    394.6918
      0.4820      1.2523    392.0402    393.1095    393.7243    394.2607    394.4885    394.7662    394.8128    394.9711    394.9407    395.0492    394.9867    395.0745    394.9976    395.0741    394.9879    395.0573    394.9651    395.0289    394.9312    394.9924    394.8990    394.9663    394.8757    394.9398    394.8434    394.9026    394.7952    394.8361    394.7041    394.7041
      0.7230      1.2523    392.0260    393.0702    393.6751    394.2095    394.4492    394.7275    394.7705    394.9080    394.8603    394.9468    394.8764    394.9566    394.8845    394.9630    394.8875    394.9632    394.8871    394.9611    394.8799    394.9464    394.8595    394.9223    394.8329    394.8917    394.7957    394.8449    394.7341    394.7690    394.6438    394.6544
      0.9640      1.2523    391.9787    392.9673    393.5179    394.0021    394.2097    394.4642    394.4995    394.6307    394.5847    394.6685    394.5986    394.6745    394.6034    394.6791    394.6068    394.6792    394.6042    394.6755    394.5995    394.6697    394.5926    394.6622    394.5845    394.6530    394.5742    394.6419    394.5618    394.6262    394.5384    394.5852
     -1.0845      1.0436    391.9896    392.9930    393.5524    394.0407    394.2414    394.4881    394.5140    394.6457    394.6002    394.6908    394.6252    394.7064    394.6366    394.7149    394.6406    394.7154    394.6386    394.7111    394.6322    394.7021    394.6227    394.6931    394.6137    394.6827    394.5997    394.6660    394.5804    394.6423    394.5473    394.5880
     -0.8435      1.0436    392.0433    393.1087    393.7233    394.2561    394.4847    394.7563    394.7973    394.9469    394.9153    395.0232    394.9667    395.0548    394.9785    395.0490    394.9603    395.0273    394.9427    395.0143    394.9313    395.0008    394.9139    394.9804    394.8886    394.9482    394.8519    394.9076    394.8040    394.8451    394.7143    394.7132
     -0.6025      1.0436    392.0492    393.1182    393.7275    394.2576    394.4852    394.7587    394.7952    394.9347    394.8874    394.9830    394.9174    395.0049    394.9316    395.0125    394.9350    395.0150    394.9399    395.0177    394.9337    394.9997    394.9065    394.9709    394.8785    394.9410    394.8434    394.9002    394.7975    394.8442    394.7181    394.7175
     -0.3615      1.0436    392.0251    393.0643    393.6431    394.1482    394.3512    394.6140    394.6485    394.7952    394.7546    394.8587    394.8001    394.8984    394.8346    394.9226    394.8423    394.9166    394.8307    394.9034    394.8132    394.8782    394.7862    394.8585    394.7772    394.8540    394.7701    394.8419    394.7435    394.7955    394.6787    394.6948
     -0.1205      1.0436    392.0446    393.1067    393.7052    394.2199    394.4260    394.6803    394.7069    394.8462    394.8054    394.9068    394.8433    394.9312    394.8578    394.9372    394.8580    394.9364    394.8589    394.9378    394.8582    394.9328    394.8500    394.9198    394.8276    394.8895    394.7979    394.8645    394.7694    394.8208    394.6971    394.6999
      0.1205      1.0436    392.0380    393.0896    393.6788    394.1908    394.4013    394.6703    394.7108    394.8620    394.8219    394.9222    394.8553    394.9428    394.8704    394.9513    394.8685    394.9402    394.8530    394.9256    394.8389    394.9100    394.8234    394.8988    394.8174    394.8909    394.8004    394.8648    394.7629    394.8119    394.6930    394.7052
      0.3615      1.0436    392.0335    393.0777    393.6635    394.1681    394.3688    394.6219    394.6518    394.7957    394.7592    394.8650    394.8072    394.9000    394.8338    394.9175    394.8422    394.9179    394.8360    394.9061    394.8180    394.8840    394.7960    394.8659    394.7794    394.8484    394.7652    394.8393    394.7530    394.8101    394.6945    394.7038
      0.6025      1.0436    392.0491    393.1139    393.7175    394.2384    394.4656    394.7374    394.7831    394.9293    394.8934    394.9912    394.9286    395.0143    394.9459    395.0273    394.9503    395.0219    394.9380    395.0083    394.9269    394.9970    394.9122    394.9766    394.8867    394.9435    394.8442    394.8943    394.7917    394.8353    394.7101    394.7115
      0.8435      1.0436    392.0391    393.1116    393.7156    394.2689    394.4966    394.7680    394.8020    394.9493    394.9090    395.0123    394.9465    395.0362    394.9635    395.0495    394.9730    395.0524    394.9659    395.0349    394.9417    395.0090    394.9191    394.9885    394.8936    394.9555    394.8561    394.9169    394.8088    394.8460    394.7080    394.7052
      1.0845      1.0436    391.9831    392.9851    393.5481    394.0426    394.2450    394.4978    394.5282    394.6667    394.6274    394.7233    394.6597    394.7439    394.6714    394.7486    394.6698    394.7425    394.6637    394.7384    394.6604    394.7343    394.6556    394.7285    394.6477    394.7151    394.6302    394.6970    394.6107    394.6737    394.5787    394.6197
     -1.2050      0.8348    392.0156    393.0524    393.6481    394.1640    394.3860    394.6461    394.6834    394.8244    394.7915    394.8954    394.8439    394.9344    394.8690    394.9439    394.8636    394.9297    394.8454    394.9101    394.8224    394.8810    394.7908    394.8513    394.7660    394.8296    394.7445    394.8057    394.7119    394.7565    394.6404    394.6560
     -0.9640      0.8348    392.0434    393.1136    393.7204    394.2749    394.5138    394.7919    394.8353    394.9809    394.9400    395.0380    394.9722    395.0570    394.9838    395.0623    394.9830    395.0566    394.9742    395.0463    394.9601    395.0269    394.9378    395.0040    394.9144    394.9743    394.8753    394.9260    394.8157    394.8496    394.7149    394.7094
     -0.7230      0.8348    392.0275    393.0703    393.6613    394.1794    394.3949    394.6616    394.6955    394.8338    394.7824    394.8756    394.8093    394.9027    394.8356    394.9191    394.8403    394.9180    394.8388    394.9122    394.8212    394.8834    394.7924    394.8653    394.7804    394.8498    394.7612    394.8288    394.7297    394.7795    394.6617    394.6780
     -0.4820      0.8348    392.0425    393.1032    393.7044    394.2215    394.4306    394.6881    394.7231    394.8731    394.8473    394.9600    394.9034    394.9908    394.9145    394.9902    394.9071    394.9807    394.8995    394.9766    394.8958    394.9657    394.8779    394.9418    394.8513    394.9129    394.8191    394.8826    394.7873    394.8376    394.7160    394.7202
     -0.2410      0.8348    392.0469    393.1181    393.7355    394.2658    394.4860    394.7489    394.7828    394.9230    394.8802    394.9799    394.9183    395.0100    394.9430    395.0259    394.9511    395.0320    394.9571    395.0338    394.9468    395.0095    394.9189    394.9885    394.9038    394.9706    394.8786    394.9367    394.8271    394.8603    394.7244    394.7171
      0.0000      0.8348    392.0460    393.1160    393.7280    394.2543    394.4702    394.7364    394.7701    394.9084    394.8572    394.9491    394.8817    394.9711    394.9030    394.9874    394.9118    394.9958    394.9241    395.0088    394.9281    394.9974    394.9090    394.9786    394.8897    394.9495    394.8496    394.9066    394.7996    394.8391    394.7066    394.7065
      0.2410      0.8348    392.0445    393.1089    393.7254    394.2653    394.4975    394.7745    394.8172    394.9644    394.9213    395.0154    394.9439    395.0248    394.9467    395.0221    394.9392    395.0167    394.9408    395.0229    394.9467    395.0227    394.9407    395.0091    394.9116    394.9639    394.8606    394.9177    394.8111    394.8510    394.7203    394.7202
      0.4820      0.8348    392.0461    393.1104    393.7057    394.2240    394.4367    394.7109    394.7496    394.8953    394.8491    394.9503    394.8870    394.9828    394.9115    394.9931    394.9061    394.9799    394.8967    394.9772    394.8926    394.9651    394.8766    394.9526    394.8659    394.9337    394.8375    394.9021    394.7969    394.8419    394.7112    394.7106
      0.7230      0.8348    392.0354    393.0857    393.6728    394.1824    394.3887    394.6454    394.6714    394.8114    394.7700    394.8754    394.8203    394.9189    394.8553    394.9413    394.8613    394.9339    394.8455    394.9123    394.8206    394.8868    394.7990    394.8718    394.7873    394.8577    394.7676    394.8312    394.7299    394.7844    394.6729    394.6924
      0.9640      0.8348    392.0484    393.1220    393.7340    394.2870    394.5256    394.7941    394.8332    394.9743    394.9362    395.0361    394.9765    395.0626    394.9926    395.0679    394.9898    395.0602    394.9787    395.0459    394.9590    395.0210    394.9319    394.9935    394.9006    394.9563    394.8610    394.9160    394.8132    394.8481    394.7163    394.7118
      1.2050      0.8348    392.0166    393.0556    393.6548    394.1777    394.4078    394.6787    394.7250    394.8724    394.8401    394.9407    394.8794    394.9628    394.8921    394.9684    394.8916    394.9610    394.8777    394.9438    394.8582    394.9227    394.8361    394.8981    394.8104    394.8715    394.7819    394.8396    394.7400    394.7833    394.6666    394.6803
     -1.3255      0.6261    392.0127    393.0514    393.6508    394.1800    394.4172    394.6988    394.7472    394.8884    394.8378    394.9195    394.8398    394.9110    394.8301    394.9029    394.8263    394.9060    394.8358    394.9168    394.8392    394.9084    394.8217    394.8856    394.7940    394.8500    394.7511    394.8036    394.7007    394.7423    394.6221    394.6354
     -1.0845      0.6261    392.0470    393.1169    393.7110    394.2555    394.4797    394.7489    394.7816    394.9248    394.8824    394.9842    394.9198    395.0120    394.9420    395.0278    394.9499    395.0278    394.9422    395.0133    394.9228    394.9904    394.9009    394.9703    394.8790    394.9438    394.8484    394.9099    394.8042    394.8479    394.7153    394.7174
     -0.8435      0.6261    392.0412    393.0912    393.6655    394.1916    394.4083    394.6726    394.7061    394.8466    394.8034    394.9017    394.8391    394.9301    394.8614    394.9438    394.8653    394.9418    394.8624    394.9397    394.8570    394.9278    394.8407    394.9096    394.8226    394.8898    394.8000    394.8645    394.7651    394.8157    394.6960    394.7054
     -0.6025      0.6261    392.0521    393.1281    393.7352    394.2538    394.4703    394.7377    394.7762    394.9231    394.8841    394.9870    394.9275    395.0199    394.9536    395.0358    394.9527    395.0215    394.9353    395.0111    394.9323    395.0049    394.9155    394.9818    394.8947    394.9629    394.8706    394.9292    394.8236    394.8646    394.7330    394.7277
     -0.3615      0.6261    392.0468    393.1195    393.7372    394.2651    394.4794    394.7457    394.7848    394.9302    394.8880    394.9859    394.9227    395.0156    394.9500    395.0355    394.9601    395.0408    394.9611    395.0339    394.9443    395.0115    394.9290    395.0044    394.9139    394.9684    394.8633    394.9114    394.7861    394.8153    394.6813    394.6817
     -0.1205      0.6261    392.0258    393.0697    393.6510    394.1609    394.3729    394.6395    394.6693    394.8044    394.7490    394.8414    394.7742    394.8639    394.7947    394.8776    394.7933    394.8669    394.7855    394.8689    394.7937    394.8713    394.7891    394.8669    394.7869    394.8581    394.7616    394.8219    394.7194    394.7687    394.6489    394.6673
      0.1205      0.6261    392.0248    393.0678    393.6488    394.1500    394.3500    394.6060    394.6322    394.7670    394.7176    394.8166    394.7594    394.8623    394.8061    394.8982    394.8240    394.9001    394.8192    394.8940    394.8089    394.8774    394.7881    394.8599    394.7772    394.8508    394.7642    394.8294    394.7274    394.7773    394.6636    394.6803
      0.3615      0.6261    392.0510    393.1281    393.7486    394.2774    394.4984    394.7570    394.7874    394.9274    394.8897    394.9923    394.9301    395.0151    394.9447    395.0269    394.9545    395.0337    394.9551    395.0281    394.9454    395.0141    394.9280    394.9932    394.9014    394.9585    394.8600    394.9064    394.7820    394.8092    394.6785    394.6813
      0.6025      0.6261    392.0486    393.1151    393.7230    394.2466    394.4684    394.7367    394.7802    394.9334    394.9049    395.0089    394.9429    395.0244    394.9512    395.0353    394.9659    395.0478    394.9666    395.0326    394.9398    395.0025    394.9132    394.9776    394.8851    394.9446    394.8509    394.9095    394.8063    394.8500    394.7226    394.7204
      0.8435      0.6261    392.0367    393.0910    393.6833    394.1964    394.4112    394.6828    394.7267    394.8746    394.8299    394.9251    394.8571    394.9458    394.8768    394.9578    394.8741    394.9437    394.8583    394.9352    394.8549    394.9292    394.8445    394.9157    394.8277    394.8898    394.7921    394.8519    394.7496    394.7998    394.6852    394.6999
      1.0845      0.6261    392.0452    393.1135    393.7055    394.2447    394.4692    394.7419    394.7777    394.9225    394.8822    394.9871    394.9308    395.0262    394.9551    395.0331    394.9468    395.0198    394.9363    395.0106    394.9213    394.9847    394.8900    394.9570    394.8684    394.9352    394.8404    394.9013    394.7996    394.8469    394.7150    394.7116
      1.3255      0.6261    392.0153    393.0574    393.6594    394.1824    394.4047    394.6705    394.7140    394.8615    394.8281    394.9308    394.8719    394.9623    394.8956    394.9741    394.8956    394.9637    394.8787    394.9430    394.8546    394.9188    394.8328    394.8990    394.8089    394.8677    394.7776    394.8416    394.7479    394.7944    394.6770    394.6897
     -1.4460      0.4174    391.9832    392.9803    393.5389    394.0266    394.2269    394.4735    394.5011    394.6347    394.5945    394.6905    394.6295    394.7135    394.6448    394.7222    394.6469    394.7168    394.6351    394.7012    394.6186    394.6873    394.6088    394.6813    394.6060    394.6802    394.6039    394.6747    394.5906    394.6485    394.5524    394.5911
     -1.2050      0.4174    392.0453    393.1127    393.7350    394.2790    394.5214    394.7992    394.8375    394.9771    394.9343    395.0343    394.9762    395.0672    394.9982    395.0751    394.9932    395.0632    394.9800    395.0499    394.9625    395.0242    394.9294    394.9881    394.8941    394.9541    394.8606    394.9175    394.8124    394.8492    394.7155    394.7110
     -0.9640      0.4174    392.0362    393.0918    393.6875    394.2023    394.4082    394.6672    394.6999    394.8471    394.8110    394.9142    394.8489    394.9354    394.8627    394.9468    394.8712    394.9514    394.8706    394.9460    394.8616    394.9331    394.8463    394.9155    394.8248    394.8887    394.7967    394.8625    394.7654    394.8186    394.7005    394.7082
     -0.7230      0.4174    392.0462    393.1143    393.7297    394.2588    394.4805    394.7489    394.7884    394.9333    394.8914    394.9859    394.9153    394.9935    394.9115    394.9826    394.9025    394.9851    394.9193    395.0058    394.9281    394.9980    394.9107    394.9785    394.8875    394.9441    394.8422    394.8944    394.7880    394.8308    394.7093    394.7147
     -0.4820      0.4174    392.0303    393.0851    393.6773    394.1875    394.3869    394.6407    394.6638    394.8033    394.7579    394.8551    394.7846    394.8688    394.7971    394.8844    394.8085    394.8867    394.8012    394.8769    394.7964    394.8759    394.7968    394.8750    394.7914    394.8590    394.7605    394.8177    394.7095    394.7588    394.6439    394.6649
     -0.2410      0.4174    392.0452    393.1049    393.7050    394.2245    394.4477    394.7133    394.7524    394.9003    394.8685    394.9750    394.9155    395.0055    394.9408    395.0293    394.9618    395.0404    394.9596    395.0276    394.9380    394.9986    394.9030    394.9636    394.8778    394.9474    394.8584    394.9153    394.8107    394.8514    394.7232    394.7225
      0.0000      0.4174    392.0187    393.0572    393.6366    394.1317    394.3142    394.5538    394.5744    394.7157    394.6812    394.7883    394.7282    394.8149    394.7361    394.8109    394.7257    394.8040    394.7324    394.8218    394.7517    394.8327    394.7523    394.8275    394.7430    394.8078    394.7147    394.7804    394.6851    394.7440    394.6388    394.6642
      0.2410      0.4174    392.0446    393.1211    393.7322    394.2582    394.4771    394.7470    394.7905    394.9411    394.9015    395.0017    394.9334    395.0176    394.9439    395.0253    394.9445    395.0211    394.9376    395.0155    394.9325    395.0026    394.9120    394.9780    394.8887    394.9517    394.8530    394.9081    394.7982    394.8353    394.6981    394.6968
      0.4820      0.4174    392.0269    393.0716    393.6541    394.1566    394.3575    394.6127    394.6395    394.7742    394.7258    394.8251    394.7657    394.8610    394.7903    394.8682    394.7827    394.8569    394.7846    394.8729    394.7988    394.8732    394.7844    394.8556    394.7733    394.8454    394.7575    394.8231    394.7240    394.7758    394.6611    394.6790
      0.7230      0.4174    392.0418    393.1030    393.7115    394.2429    394.4664    394.7293    394.7504    394.8788    394.8291    394.9351    394.8888    394.9968    394.9364    395.0183    394.9326    395.0055    394.9251    395.0014    394.9140    394.9757    394.8801    394.9466    394.8591    394.9299    394.8467    394.9202    394.8237    394.8672    394.7349    394.7305
      0.9640      0.4174    392.0394    393.0978    393.6958    394.2126    394.4220    394.6791    394.7089    394.8508    394.8077    394.9065    394.8393    394.9282    394.8583    394.9435    394.8665    394.9454    394.8625    394.9375    394.8529    394.9267    394.8453    394.9192    394.8308    394.8933    394.7984    394.8601    394.7582    394.8087    394.6902    394.7043
      1.2050      0.4174    392.0420    393.1123    393.7169    394.2701    394.5066    394.7845    394.8267    394.9757    394.9392    395.0405    394.9736    395.0567    394.9811    395.0611    394.9846    395.0613    394.9769    395.0461    394.9562    395.0228    394.9339    394.9994    394.9051    394.9643    394.8665    394.9240    394.8176    394.8555    394.7214    394.7152
      1.4460      0.4174    391.9889    392.9908    393.5558    394.0516    394.2630    394.5170    394.5491    394.6816    394.6361    394.7230    394.6525    394.7293    394.6566    394.7341    394.6628    394.7392    394.6677    394.7415    394.6679    394.7420    394.6674    394.7408    394.6620    394.7311    394.6503    394.7138    394.6210    394.6733    394.5748    394.6138
     -1.5665      0.2087    391.9754    392.9659    393.5182    394.0060    394.2099    394.4627    394.4961    394.6288    394.5822    394.6684    394.5984    394.6762    394.6047    394.6809    394.6077    394.6832    394.6084    394.6818    394.6024    394.6707    394.5909    394.6608    394.5823    394.6530    394.5756    394.6481    394.5686    394.6343    394.5470    394.5934
     -1.3255      0.2087    392.0432    393.1117    393.7294    394.2697    394.5008    394.7757    394.8125    394.9590    394.9193    395.0194    394.9532    395.0367    394.9589    395.0369    394.9561    395.0345    394.9561    395.0342    394.9536    395.0262    394.9381    395.0030    394.9051    394.9591    394.8530    394.9016    394.7869    394.8236    394.6918    394.6960
     -1.0845      0.2087    392.0347    393.0832    393.6684    394.1744    394.3806    394.6406    394.6726    394.8127    394.7685    394.8690    394.8102    394.9072    394.8438    394.9313    394.8539    394.9291    394.8444    394.9146    394.8260    394.8932    394.8062    394.8772    394.7897    394.8540    394.7614    394.8273    394.7335    394.7890    394.6728    394.6874
     -0.8435      0.2087    392.0502    393.1263    393.7434    394.2718    394.4874    394.7439    394.7662    394.8972    394.8500    394.9534    394.9014    395.0059    394.9479    395.0369    394.9595    395.0346    394.9533    395.0288    394.9435    395.0096    394.9181    394.9869    394.9028    394.9723    394.8810    394.9395    394.8293    394.8641    394.7279    394.7227
     -0.6025      0.2087    392.0282    393.0691    393.6456    394.1409    394.3437    394.6015    394.6368    394.7778    394.7336    394.8297    394.7672    394.8595    394.7961    394.8808    394.8027    394.8748    394.7926    394.8676    394.7869    394.8574    394.7738    394.8473    394.7688    394.8408    394.7516    394.8125    394.7151    394.7688    394.6579    394.6760
     -0.3615      0.2087    392.0084    393.0354    393.6078    394.1117    394.3145    394.5780    394.6135    394.7580    394.7112    394.8073    394.7385    394.8275    394.7557    394.8383    394.7557    394.8310    394.7483    394.8248    394.7402    394.8122    394.7276    394.8063    394.7246    394.7958    394.7084    394.7839    394.6969    394.7591    394.6490    394.6690
     -0.1205      0.2087    392.0247    393.0738    393.6615    394.1764    394.3908    394.6616    394.6969    394.8364    394.7830    394.8741    394.8036    394.8922    394.8220    394.9080    394.8295    394.9095    394.8327    394.9175    394.8387    394.9122    394.8229    394.8935    394.8076    394.8754    394.7788    394.8403    394.7421    394.7973    394.6799    394.6912
      0.1205      0.2087    392.0224    393.0619    393.6471    394.1552    394.3646    394.6214    394.6547    394.7957    394.7532    394.8535    394.7951    394.8911    394.8328    394.9217    394.8495    394.9257    394.8445    394.9152    394.8293    394.8973    394.8139    394.8850    394.7992    394.8644    394.7762    394.8450    394.7543    394.8105    394.6991    394.7087
      0.3615      0.2087    392.0134    393.0488    393.6307    394.1420    394.3437    394.5906    394.6016    394.7316    394.6829    394.7864    394.7278    394.8217    394.7515    394.8327    394.7473    394.8215    394.7403    394.8239    394.7483    394.8295    394.7474    394.8220    394.7360    394.8046    394.7131    394.7805    394.6834    394.7434    394.6361    394.6606
      0.6025      0.2087    392.0298    393.0746    393.6567    394.1598    394.3662    394.6279    394.6656    394.8108    394.7655    394.8552    394.7788    394.8578    394.7900    394.8790    394.8090    394.8864    394.8045    394.8825    394.8109    394.8942    394.8168    394.8871    394.7944    394.8510    394.7498    394.8054    394.7046    394.7546    394.6415    394.6626
      0.8435      0.2087    392.0521    393.1247    393.7357    394.2561    394.4730    394.7377    394.7746    394.9188    394.8774    394.9763    394.9117    395.0012    394.9367    395.0274    394.9600    395.0413    394.9604    395.0273    394.9359    395.0007    394.9145    394.9869    394.9023    394.9675    394.8735    394.9307    394.8249    394.8663    394.7376    394.7324
      1.0845      0.2087    392.0293    393.0729    393.6734    394.1914    394.3998    394.6506    394.6776    394.8143    394.7737    394.8720    394.8111    394.8963    394.8237    394.8972    394.8169    394.8925    394.8191    394.8997    394.8250    394.8995    394.8213    394.8925    394.8049    394.8639    394.7718    394.8365    394.7419    394.7875    394.6720    394.6846
      1.3255      0.2087    392.0468    393.1202    393.7178    394.2614    394.4902    394.7645    394.8054    394.9520    394.9133    395.0171    394.9588    395.0550    394.9894    395.0738    394.9936    395.0631    394.9719    395.0346    394.9376    394.9965    394.9006    394.9664    394.8777    394.9448    394.8524    394.9112    394.8052    394.8459    394.7137    394.7134
      1.5665      0.2087    391.9759    392.9656    393.5201    394.0067    394.2102    394.4609    394.4954    394.6336    394.5988    394.6946    394.6341    394.7152    394.6464    394.7232    394.6498    394.7217    394.6412    394.7070    394.6242    394.6904    394.6132    394.6843    394.6103    394.6839    394.6117    394.6849    394.6067    394.6722    394.5860    394.6296
     -1.4460      0.0000    392.0253    393.0715    393.6756    394.2088    394.4492    394.7260    394.7656    394.8996    394.8514    394.9402    394.8743    394.9572    394.8856    394.9618    394.8829    394.9561    394.8788    394.9547    394.8772    394.9477    394.8631    394.9266    394.8370    394.8958    394.8019    394.8538    394.7472    394.7835    394.6574    394.6635
     -1.2050      0.0000    392.0382    393.1011    393.7120    394.2504    394.4792    394.7542    394.7885    394.9316    394.8872    394.9882    394.9241    395.0151    394.9417    395.0204    394.9354    395.0096    394.9284    395.0079    394.9259    394.9981    394.9069    394.9744    394.8803    394.9436    394.8473    394.9079    394.8012    394.8443    394.7126    394.7112
     -0.9640      0.0000    392.0377    393.0976    393.7054    394.2308    394.4502    394.7167    394.7548    394.9022    394.8636    394.9637    394.8976    394.9848    394.9160    395.0008    394.9253    395.0011    394.9167    394.9871    394.9008    394.9701    394.8839    394.9528    394.8634    394.9270    394.8352    394.8972    394.7916    394.8320    394.7053    394.7053
     -0.7230      0.0000    392.0479    393.1179    393.7289    394.2577    394.4809    394.7501    394.7865    394.9315    394.8911    394.9920    394.9277    395.0175    394.9483    395.0347    394.9611    395.0409    394.9604    395.0340    394.9489    395.0178    394.9270    394.9895    394.8923    394.9502    394.8473    394.8914    394.7626    394.7946    394.6649    394.6700
     -0.4820      0.0000    392.0464    393.1181    393.7298    394.2509    394.4594    394.7196    394.7589    394.9131    394.8879    394.9973    394.9360    395.0194    394.9436    395.0229    394.9453    395.0238    394.9462    395.0248    394.9428    395.0103    394.9174    394.9803    394.8894    394.9508    394.8552    394.9120    394.8047    394.8408    394.7108    394.7112
     -0.2410      0.0000    392.0299    393.0800    393.6699    394.1877    394.4034    394.6665    394.6964    394.8312    394.7811    394.8788    394.8170    394.9117    394.8432    394.9234    394.8372    394.9071    394.8253    394.9064    394.8308    394.9089    394.8262    394.8979    394.8084    394.8699    394.7716    394.8350    394.7398    394.7945    394.6774    394.6897
      0.0000      0.0000    392.0314    393.0855    393.6769    394.1875    394.3982    394.6528    394.6837    394.8226    394.7821    394.8884    394.8342    394.9312    394.8671    394.9491    394.8656    394.9338    394.8509    394.9293    394.8515    394.9236    394.8352    394.9058    394.8272    394.8997    394.8125    394.8774    394.7823    394.8295    394.7032    394.7019
      0.2410      0.0000    392.0229    393.0693    393.6532    394.1576    394.3637    394.6288    394.6737    394.8239    394.7807    394.8754    394.8064    394.8960    394.8330    394.9239    394.8523    394.9304    394.8516    394.9270    394.8397    394.9019    394.8063    394.8768    394.7986    394.8733    394.7838    394.8460    394.7463    394.7953    394.6796    394.6943
      0.4820      0.0000    392.0497    393.1220    393.7332    394.2553    394.4697    394.7312    394.7714    394.9250    394.8981    395.0095    394.9513    395.0386    394.9658    395.0433    394.9623    395.0320    394.9429    395.0077    394.9159    394.9807    394.8940    394.9668    394.8851    394.9524    394.8583    394.9123    394.8030    394.8398    394.7091    394.7096
      0.7230      0.0000    392.0457    393.1118    393.7256    394.2600    394.4884    394.7615    394.7994    394.9402    394.8949    394.9910    394.9273    395.0168    394.9460    395.0249    394.9420    395.0164    394.9401    395.0223    394.9460    395.0165    394.9257    394.9892    394.8969    394.9587    394.8609    394.9075    394.7768    394.8010    394.6661    394.6692
      0.9640      0.0000    392.0362    393.0979    393.6980    394.2209    394.4375    394.7076    394.7436    394.8904    394.8472    394.9507    394.8852    394.9756    394.9001    394.9793    394.8968    394.9770    394.9017    394.9882    394.9080    394.9806    394.8882    394.9549    394.8606    394.9233    394.8256    394.8875    394.7817    394.8297    394.7037    394.7082
      1.2050      0.0000    392.0491    393.1144    393.7059    394.2454    394.4714    394.7386    394.7747    394.9213    394.8890    394.9976    394.9403    395.0309    394.9582    395.0354    394.9531    395.0234    394.9365    395.0052    394.9166    394.9847    394.8948    394.9577    394.8635    394.9259    394.8375    394.9027    394.8023    394.8480    394.7196    394.7195
      1.4460      0.0000    392.0258    393.0777    393.6826    394.2086    394.4315    394.6994    394.7403    394.8923    394.8627    394.9705    394.9133    395.0013    394.9283    395.0037    394.9215    394.9936    394.9096    394.9789    394.8923    394.9594    394.8745    394.9426    394.8525    394.9130    394.8174    394.8740    394.7716    394.8173    394.6959    394.7071
     -1.5665     -0.2087    391.9774    392.9653    393.5161    393.9965    394.1962    394.4448    394.4772    394.6099    394.5674    394.6569    394.5928    394.6726    394.6033    394.6785    394.6046    394.6766    394.6031    394.6763    394.6021    394.6738    394.5976    394.6692    394.5926    394.6615    394.5818    394.6484    394.5673    394.6302    394.5425    394.5882
     -1.3255     -0.2087    392.0449    393.1143    393.7361    394.2770    394.5128    394.7909    394.8384    394.9896    394.9559    395.0566    394.9919    395.0735    394.9933    395.0623    394.9743    395.0425    394.9566    395.0244    394.9349    394.9983    394.9096    394.9741    394.8825    394.9404    394.8435    394.8980    394.7893    394.8244    394.6927    394.6945
     -1.0845     -0.2087    392.0312    393.0782    393.6640    394.1731    394.3789    394.6398    394.6709    394.8148    394.7732    394.8770    394.8168    394.9105    394.8417    394.9247    394.8444    394.9215    394.8405    394.9169    394.8301    394.8975    394.8063    394.8747    394.7839    394.8488    394.7567    394.8262    394.7308    394.7860    394.6728    394.6921
     -0.8435     -0.2087    392.0498    393.1264    393.7434    394.2730    394.4857    394.7498    394.7834    394.9293    394.8886    394.9907    394.9266    395.0176    394.9457    395.0282    394.9484    395.0274    394.9476    395.0248    394.9384    395.0084    394.9226    394.9975    394.9106    394.9723    394.8679    394.9193    394.8043    394.8435    394.7149    394.7196
     -0.6025     -0.2087    392.0323    393.0787    393.6623    394.1624    394.3647    394.6224    394.6544    394.7906    394.7413    394.8326    394.7676    394.8591    394.7935    394.8776    394.8009    394.8789    394.8044    394.8836    394.8024    394.8720    394.7880    394.8637    394.7837    394.8510    394.7610    394.8234    394.7250    394.7736    394.6561    394.6701
     -0.3615     -0.2087    392.0131    393.0416    393.6132    394.1153    394.3219    394.5829    394.6165    394.7553    394.7055    394.7966    394.7259    394.8127    394.7455    394.8318    394.7575    394.8362    394.7559    394.8316    394.7486    394.8223    394.7427    394.8211    394.7420    394.8135    394.7235    394.7875    394.6904    394.7463    394.6371    394.6603
     -0.1205     -0.2087    392.0313    393.0888    393.6788    394.1804    394.3774    394.6265    394.6564    394.8014    394.7633    394.8700    394.8118    394.9050    394.8385    394.9220    394.8398    394.9112    394.8326    394.9165    394.8418    394.9108    394.8151    394.8809    394.7996    394.8729    394.7828    394.8486    394.7561    394.8111    394.6959    394.7079
      0.1205     -0.2087    392.0288    393.0758    393.6669    394.1822    394.3922    394.6459    394.6724    394.8129    394.7773    394.8807    394.8197    394.9071    394.8390    394.9261    394.8528    394.9270    394.8384    394.9037    394.8193    394.8950    394.8149    394.8836    394.7944    394.8607    394.7747    394.8415    394.7461    394.7982    394.6801    394.6883
      0.3615     -0.2087    392.0189    393.0460    393.6189    394.1210    394.3341    394.5978    394.6286    394.7592    394.7035    394.7898    394.7209    394.8044    394.7331    394.8137    394.7409    394.8274    394.7611    394.8440    394.7626    394.8284    394.7433    394.8165    394.7342    394.7994    394.7070    394.7714    394.6811    394.7405    394.6354    394.6601
      0.6025     -0.2087    392.0306    393.0832    393.6655    394.1627    394.3504    394.5999    394.6224    394.7589    394.7131    394.8174    394.7666    394.8703    394.8049    394.8850    394.7918    394.8622    394.7849    394.8761    394.8073    394.8892    394.8062    394.8836    394.8000    394.8654    394.7633    394.8191    394.7146    394.7674    394.6525    394.6686
      0.8435     -0.2087    392.0434    393.1177    393.7332    394.2621    394.4734    394.7392    394.7793    394.9343    394.8976    394.9994    394.9295    395.0164    394.9455    395.0342    394.9575    395.0356    394.9483    395.0201    394.9315    395.0028    394.9144    394.9852    394.8923    394.9526    394.8541    394.9182    394.8157    394.8615    394.7314    394.7298
      1.0845     -0.2087    392.0342    393.0853    393.6771    394.1881    394.3953    394.6527    394.6846    394.8257    394.7821    394.8764    394.8082    394.8945    394.8253    394.9099    394.8350    394.9112    394.8274    394.8978    394.8117    394.8853    394.8088    394.8893    394.8102    394.8766    394.7814    394.8370    394.7309    394.7769    394.6598    394.6751
      1.3255     -0.2087    392.0361    393.1031    393.7273    394.2768    394.5167    394.7987    394.8415    394.9857    394.9379    395.0295    394.9563    395.0405    394.9670    395.0493    394.9725    395.0509    394.9699    395.0421    394.9524    395.0174    394.9261    394.9922    394.8982    394.9577    394.8576    394.9115    394.7978    394.8320    394.6989    394.6986
      1.5665     -0.2087    391.9781    392.9683    393.5199    394.0063    394.2118    394.4627    394.4920    394.6259    394.5884    394.6871    394.6318    394.7182    394.6509    394.7263    394.6490    394.7189    394.6393    394.7095    394.6302    394.6999    394.6220    394.6939    394.6204    394.6958    394.6234    394.6966    394.6172    394.6825    394.5931    394.6364
     -1.4460     -0.4174    391.9905    392.9946    393.5595    394.0548    394.2600    394.5100    394.5379    394.6709    394.6305    394.7261    394.6651    394.7485    394.6772    394.7519    394.6742    394.7463    394.6690    394.7416    394.6626    394.7322    394.6525    394.7228    394.6436    394.7129    394.6326    394.7009    394.6158    394.6761    394.5818    394.6231
     -1.2050     -0.4174    392.0394    393.1079    393.7100    394.2646    394.5032    394.7832    394.8252    394.9713    394.9281    395.0266    394.9600    395.0493    394.9790    395.0631    394.9844    395.0585    394.9741    395.0476    394.9609    395.0283    394.9332    394.9947    394.9005    394.9627    394.8673    394.9251    394.8173    394.8554    394.7189    394.7160
     -0.9640     -0.4174    392.0406    393.0898    393.6816    394.1928    394.4110    394.6758    394.7153    394.8555    394.8134    394.9082    394.8458    394.9323    394.8633    394.9400    394.8606    394.9335    394.8539    394.9278    394.8459    394.9143    394.8331    394.9044    394.8233    394.8877    394.7968    394.8561    394.7604    394.8123    394.6972    394.7052
     -0.7230     -0.4174    392.0423    393.1119    393.7243    394.2501    394.4616    394.7194    394.7440    394.8821    394.8398    394.9492    394.8972    394.9984    394.9318    395.0124    394.9292    395.0053    394.9288    395.0120    394.9313    395.0003    394.9073    394.9727    394.8792    394.9427    394.8491    394.9159    394.8172    394.8630    394.7369    394.7360
     -0.4820     -0.4174    392.0277    393.0709    393.6536    394.1588    394.3647    394.6244    394.6551    394.7909    394.7428    394.8395    394.7770    394.8682    394.7974    394.8759    394.7923    394.8665    394.7876    394.8685    394.7905    394.8648    394.7835    394.8594    394.7783    394.8458    394.7513    394.8110    394.7109    394.7640    394.6538    394.6752
     -0.2410     -0.4174    392.0408    393.1032    393.7095    394.2404    394.4677    394.7479    394.7932    394.9404    394.8921    394.9828    394.9116    395.0002    394.9354    395.0275    394.9565    395.0387    394.9591    395.0320    394.9399    394.9997    394.9036    394.9736    394.8912    394.9626    394.8676    394.9239    394.8131    394.8500    394.7181    394.7155
      0.0000     -0.4174    392.0122    393.0398    393.6095    394.1055    394.3019    394.5533    394.5821    394.7253    394.6883    394.7950    394.7371    394.8304    394.7628    394.8473    394.7698    394.8465    394.7609    394.8308    394.7412    394.8108    394.7290    394.8043    394.7200    394.7869    394.7007    394.7754    394.6893    394.7539    394.6489    394.6753
      0.2410     -0.4174    392.0443    393.1191    393.7306    394.2517    394.4611    394.7240    394.7625    394.9128    394.8780    394.9857    394.9285    395.0223    394.9515    395.0313    394.9459    395.0181    394.9388    395.0195    394.9373    395.0019    394.9026    394.9667    394.8827    394.9522    394.8568    394.9116    394.8038    394.8476    394.7204    394.7214
      0.4820     -0.4174    392.0278    393.0734    393.6612    394.1676    394.3683    394.6209    394.6481    394.7874    394.7456    394.8479    394.7866    394.8777    394.8049    394.8821    394.7987    394.8752    394.7998    394.8836    394.8076    394.8830    394.8003    394.8726    394.7846    394.8485    394.7565    394.8206    394.7187    394.7660    394.6497    394.6708
      0.7230     -0.4174    392.0514    393.1234    393.7325    394.2572    394.4809    394.7568    394.7990    394.9393    394.8862    394.9732    394.9020    394.9906    394.9258    395.0152    394.9427    395.0225    394.9434    395.0161    394.9256    394.9865    394.8947    394.9677    394.8860    394.9515    394.8498    394.9018    394.7962    394.8405    394.7168    394.7198
      0.9640     -0.4174    392.0388    393.0914    393.6885    394.2110    394.4311    394.6958    394.7209    394.8505    394.7970    394.8905    394.8283    394.9236    394.8595    394.9462    394.8711    394.9502    394.8712    394.9462    394.8616    394.9326    394.8492    394.9219    394.8343    394.8996    394.8076    394.8681    394.7634    394.8128    394.6948    394.7038
      1.2050     -0.4174    392.0484    393.1104    393.7217    394.2514    394.4854    394.7589    394.8073    394.9592    394.9336    395.0422    394.9894    395.0775    395.0072    395.0811    394.9996    395.0665    394.9817    395.0481    394.9630    395.0259    394.9345    394.9907    394.8948    394.9501    394.8582    394.9177    394.8241    394.8677    394.7371    394.7297
      1.4460     -0.4174    391.9891    392.9957    393.5616    394.0545    394.2559    394.5064    394.5422    394.6852    394.6537    394.7548    394.6959    394.7802    394.7080    394.7820    394.7023    394.7721    394.6927    394.7632    394.6852    394.7568    394.6811    394.7546    394.6766    394.7445    394.6612    394.7258    394.6382    394.6973    394.6037    394.6465
     -1.3255     -0.6261    392.0144    393.0476    393.6458    394.1709    394.4028    394.6763    394.7218    394.8663    394.8314    394.9302    394.8730    394.9599    394.8906    394.9640    394.8830    394.9510    394.8712    394.9399    394.8573    394.9219    394.8370    394.9022    394.8156    394.8747    394.7825    394.8368    394.7382    394.7831    394.6705    394.6871
     -1.0845     -0.6261    392.0373    393.1004    393.7132    394.2514    394.4834    394.7556    394.7905    394.9323    394.8891    394.9889    394.9234    395.0110    394.9385    395.0198    394.9400    395.0157    394.9331    395.0088    394.9250    394.9955    394.9056    394.9707    394.8784    394.9413    394.8468    394.9073    394.8033    394.8465    394.7157    394.7127
     -0.8435     -0.6261    392.0384    393.1001    393.6973    394.2117    394.4148    394.6700    394.6965    394.8403    394.7999    394.9069    394.8463    394.9426    394.8747    394.9607    394.8808    394.9572    394.8707    394.9435    394.8533    394.9235    394.8356    394.9081    394.8204    394.8906    394.8035    394.8752    394.7750    394.8249    394.7024    394.7112
     -0.6025     -0.6261    392.0437    393.1155    393.7275    394.2586    394.4799    394.7516    394.7880    394.9340    394.8887    394.9859    394.9174    395.0080    394.9413    395.0313    394.9554    395.0326    394.9463    395.0189    394.9291    394.9976    394.9082    394.9823    394.8989    394.9684    394.8709    394.9286    394.8187    394.8602    394.7275    394.7222
     -0.3615     -0.6261    392.0522    393.1271    393.7413    394.2684    394.4887    394.7563    394.7915    394.9295    394.8791    394.9731    394.9116    395.0067    394.9444    395.0293    394.9482    395.0213    394.9440    395.0274    394.9518    395.0224    394.9304    394.9952    394.9045    394.9644    394.8617    394.9069    394.7808    394.8061    394.6699    394.6708
     -0.1205     -0.6261    392.0258    393.0728    393.6651    394.1765    394.3750    394.6255    394.6455    394.7834    394.7421    394.8490    394.7939    394.8910    394.8210    394.8987    394.8117    394.8851    394.8053    394.8880    394.8081    394.8846    394.8019    394.8771    394.7883    394.8509    394.7552    394.8181    394.7157    394.7672    394.6521    394.6708
      0.1205     -0.6261    392.0165    393.0531    393.6350    394.1451    394.3547    394.6163    394.6506    394.7919    394.7430    394.8364    394.7675    394.8566    394.7894    394.8758    394.8002    394.8802    394.8030    394.8824    394.7984    394.8668    394.7770    394.8476    394.7615    394.8294    394.7387    394.8060    394.7092    394.7617    394.6516    394.6732
      0.3615     -0.6261    392.0538    393.1315    393.7485    394.2857    394.5153    394.7841    394.8115    394.9458    394.8969    394.9927    394.9268    395.0162    394.9497    395.0384    394.9624    395.0365    394.9467    395.0151    394.9299    395.0019    394.9169    394.9854    394.8963    394.9622    394.8645    394.9111    394.7807    394.8082    394.6739    394.6752
      0.6025     -0.6261    392.0505    393.1263    393.7367    394.2573    394.4644    394.7241    394.7590    394.9067    394.8703    394.9760    394.9160    395.0099    394.9451    395.0340    394.9597    395.0387    394.9575    395.0338    394.9493    395.0172    394.9250    394.9902    394.8969    394.9563    394.8562    394.9147    394.8123    394.8581    394.7302    394.7288
      0.8435     -0.6261    392.0359    393.0874    393.6863    394.2059    394.4226    394.6845    394.7187    394.8592    394.8188    394.9156    394.8498    394.9336    394.8603    394.9390    394.8610    394.9373    394.8582    394.9342    394.8521    394.9202    394.8341    394.9035    394.8220    394.8923    394.8074    394.8705    394.7683    394.8082    394.6833    394.6901
      1.0845     -0.6261    392.0478    393.1157    393.7276    394.2540    394.4744    394.7380    394.7733    394.9216    394.8887    394.9923    394.9296    395.0138    394.9413    395.0217    394.9463    395.0227    394.9428    395.0159    394.9334    395.0027    394.9147    394.9786    394.8875    394.9500    394.8535    394.9059    394.7980    394.8368    394.7058    394.7038
      1.3255     -0.6261    392.0165    393.0548    393.6536    394.1790    394.4105    394.6851    394.7313    394.8801    394.8481    394.9506    394.8920    394.9790    394.9092    394.9860    394.9077    394.9789    394.8982    394.9676    394.8849    394.9532    394.8696    394.9369    394.8492    394.9094    394.8187    394.8772    394.7778    394.8216    394.7020    394.7161
     -1.2050     -0.8348    392.0168    393.0551    393.6389    394.1737    394.4036    394.6708    394.7126    394.8554    394.8205    394.9198    394.8619    394.9484    394.8819    394.9602    394.8848    394.9563    394.8763    394.9458    394.8642    394.9310    394.8463    394.9100    394.8231    394.8829    394.7911    394.8449    394.7450    394.7884    394.6704    394.6838
     -0.9640     -0.8348    392.0402    393.1063    393.7270    394.2774    394.5175    394.7981    394.8396    394.9892    394.9520    395.0587    394.9969    395.0856    395.0056    395.0766    394.9856    395.0561    394.9721    395.0465    394.9577    395.0227    394.9300    394.9969    394.9028    394.9623    394.8594    394.9143    394.8047    394.8433    394.7091    394.7085
     -0.7230     -0.8348    392.0292    393.0717    393.6661    394.1798    394.3885    394.6400    394.6640    394.7963    394.7499    394.8466    394.7854    394.8771    394.8134    394.8987    394.8287    394.9089    394.8333    394.9063    394.8223    394.8917    394.8121    394.8879    394.8067    394.8742    394.7855    394.8465    394.7432    394.7869    394.6719    394.6875
     -0.4820     -0.8348    392.0385    393.0931    393.6920    394.2147    394.4361    394.7080    394.7494    394.9006    394.8673    394.9724    394.9102    394.9949    394.9174    394.9924    394.9102    394.9868    394.9061    394.9811    394.8947    394.9616    394.8743    394.9445    394.8585    394.9240    394.8287    394.8846    394.7778    394.8234    394.7010    394.7060
     -0.2410     -0.8348    392.0501    393.1227    393.7426    394.2723    394.4911    394.7488    394.7769    394.9147    394.8757    394.9806    394.9264    395.0212    394.9557    395.0373    394.9586    395.0323    394.9508    395.0219    394.9376    395.0053    394.9210    394.9909    394.9032    394.9636    394.8674    394.9230    394.8196    394.8639    394.7387    394.7345
      0.0000     -0.8348    392.0457    393.1077    393.7136    394.2376    394.4593    394.7291    394.7698    394.9129    394.8697    394.9632    394.8979    394.9862    394.9202    395.0060    394.9332    395.0128    394.9356    395.0094    394.9232    394.9868    394.8964    394.9626    394.8754    394.9413    394.8520    394.9135    394.8109    394.8494    394.7180    394.7167
      0.2410     -0.8348    392.0475    393.1179    393.7337    394.2670    394.4895    394.7561    394.7855    394.9221    394.8779    394.9811    394.9254    395.0222    394.9562    395.0387    394.9566    395.0303    394.9460    395.0198    394.9320    394.9968    394.9049    394.9745    394.8899    394.9595    394.8699    394.9333    394.8271    394.8640    394.7272    394.7205
      0.4820     -0.8348    392.0437    393.1127    393.7232    394.2446    394.4551    394.7128    394.7452    394.8897    394.8523    394.9563    394.8958    394.9857    394.9140    394.9929    394.9141    394.9919    394.9141    394.9887    394.9005    394.9635    394.8733    394.9428    394.8587    394.9262    394.8332    394.8904    394.7836    394.8263    394.7016    394.7062
      0.7230     -0.8348    392.0360    393.0849    393.6729    394.1822    394.3882    394.6428    394.6671    394.7999    394.7503    394.8481    394.7878    394.8840    394.8191    394.9046    394.8286    394.9101    394.8357    394.9169    394.8365    394.9102    394.8290    394.9047    394.8169    394.8781    394.7825    394.8459    394.7484    394.7992    394.6779    394.6887
      0.9640     -0.8348    392.0451    393.1207    393.7356    394.2663    394.4907    394.7670    394.8154    394.9755    394.9472    395.0592    395.0011    395.0914    395.0158    395.0912    395.0046    395.0740    394.9846    395.0525    394.9590    395.0216    394.9261    394.9895    394.8950    394.9561    394.8579    394.9160    394.8101    394.8533    394.7230    394.7251
      1.2050     -0.8348    392.0139    393.0529    393.6535    394.1804    394.4119    394.6884    394.7382    394.8884    394.8545    394.9525    394.8891    394.9722    394.9005    394.9778    394.9012    394.9762    394.9001    394.9753    394.8968    394.9663    394.8821    394.9475    394.8596    394.9197    394.8252    394.8782    394.7729    394.8128    394.6930    394.7056
     -1.0845     -1.0436    391.9914    392.9948    393.5561    394.0511    394.2609    394.5160    394.5465    394.6767    394.6288    394.7169    394.6522    394.7348    394.6667    394.7454    394.6717    394.7469    394.6712    394.7440    394.6644    394.7327    394.6518    394.7226    394.6451    394.7160    394.6351    394.7005    394.6131    394.6710    394.5735    394.6140
     -0.8435     -1.0436    392.0396    393.1076    393.7108    394.2630    394.4982    394.7743    394.8170    394.9647    394.9262    395.0260    394.9608    395.0471    394.9748    395.0548    394.9747    395.0472    394.9641    395.0379    394.9558    395.0250    394.9346    394.9976    394.9029    394.9618    394.8623    394.9159    394.8099    394.8507    394.7189    394.7162
     -0.6025     -1.0436    392.0460    393.1138    393.7181    394.2514    394.4812    394.7597    394.7973    394.9423    394.8956    394.9964    394.9305    395.0206    394.9429    395.0193    394.9319    395.0088    394.9298    395.0120    394.9274    394.9967    394.9020    394.9687    394.8758    394.9407    394.8428    394.9008    394.7900    394.8339    394.7048    394.7111
     -0.3615     -1.0436    392.0334    393.0788    393.6668    394.1739    394.3814    394.6348    394.6612    394.7929    394.7446    394.8378    394.7752    394.8678    394.8077    394.8982    394.8303    394.9105    394.8350    394.9106    394.8282    394.8954    394.8065    394.8723    394.7869    394.8563    394.7744    394.8433    394.7499    394.7978    394.6794    394.6916
     -0.1205     -1.0436    392.0387    393.0883    393.6743    394.1848    394.3953    394.6624    394.7018    394.8507    394.8096    394.9073    394.8376    394.9239    394.8516    394.9368    394.8594    394.9378    394.8567    394.9338    394.8510    394.9258    394.8421    394.9178    394.8331    394.8993    394.8032    394.8640    394.7634    394.8159    394.6983    394.7090
      0.1205     -1.0436    392.0448    393.1071    393.7058    394.2217    394.4288    394.6854    394.7106    394.8477    394.8037    394.9048    394.8442    394.9359    394.8642    394.9445    394.8634    394.9406    394.8647    394.9463    394.8651    394.9337    394.8424    394.9118    394.8268    394.8964    394.8050    394.8682    394.7690    394.8179    394.6945    394.7002
      0.3615     -1.0436    392.0298    393.0797    393.6722    394.1864    394.3955    394.6496    394.6735    394.8075    394.7619    394.8610    394.7999    394.8939    394.8298    394.9200    394.8483    394.9285    394.8453    394.9137    394.8221    394.8870    394.7991    394.8702    394.7862    394.8565    394.7694    394.8348    394.7364    394.7853    394.6667    394.6796
      0.6025     -1.0436    392.0424    393.1101    393.7226    394.2564    394.4828    394.7545    394.7948    394.9460    394.9098    395.0115    394.9405    395.0216    394.9416    395.0192    394.9395    395.0164    394.9348    395.0092    394.9245    394.9973    394.9117    394.9812    394.8871    394.9460    394.8426    394.8948    394.7844    394.8272    394.7018    394.7077
      0.8435     -1.0436    392.0384    393.1038    393.7280    394.2801    394.5289    394.8149    394.8586    394.9987    394.9472    395.0306    394.9517    395.0258    394.9460    395.0230    394.9466    395.0293    394.9582    395.0417    394.9646    395.0357    394.9461    395.0083    394.9124    394.9676    394.8652    394.9125    394.7961    394.8245    394.6854    394.6817
      1.0845     -1.0436    391.9857    392.9848    393.5467    394.0416    394.2529    394.5092    394.5433    394.6792    394.6386    394.7325    394.6709    394.7538    394.6854    394.7626    394.6909    394.7685    394.6974    394.7737    394.6987    394.7705    394.6937    394.7656    394.6865    394.7535    394.6707    394.7353    394.6485    394.7059    394.6079    394.6454
     -0.9640     -1.2523    391.9746    392.9608    393.5155    394.0036    394.2107    394.4604    394.4919    394.6249    394.5860    394.6786    394.6181    394.6989    394.6303    394.7066    394.6342    394.7086    394.6354    394.7088    394.6358    394.7081    394.6342    394.7044    394.6275    394.6955    394.6177    394.6864    394.6086    394.6726    394.5849    394.6276
     -0.7230     -1.2523    392.0254    393.0730    393.6760    394.2052    394.4390    394.7170    394.7638    394.9130    394.8767    394.9781    394.9183    395.0067    394.9374    395.0146    394.9330    395.0012    394.9139    394.9798    394.8894    394.9514    394.8618    394.9279    394.8417    394.9063    394.8143    394.8716    394.7706    394.8142    394.6922    394.7037
     -0.4820     -1.2523    392.0421    393.1009    393.7210    394.2642    394.5048    394.7795    394.8207    394.9621    394.9255    395.0230    394.9625    395.0462    394.9744    395.0496    394.9704    395.0412    394.9606    395.0300    394.9467    395.0106    394.9215    394.9810    394.8884    394.9443    394.8481    394.8991    394.7931    394.8289    394.6990    394.6976
     -0.2410     -1.2523    392.0439    393.1183    393.7397    394.2844    394.5204    394.8026    394.8457    394.9967    394.9514    395.0480    394.9740    395.0563    394.9782    395.0577    394.9773    395.0556    394.9727    395.0487    394.9608    395.0310    394.9383    395.0032    394.9063    394.9679    394.8715    394.9303    394.8162    394.8498    394.7088    394.7072
      0.0000     -1.2523    392.0436    393.1073    393.7188    394.2430    394.4631    394.7278    394.7690    394.9147    394.8792    394.9794    394.9207    395.0106    394.9443    395.0244    394.9476    395.0207    394.9411    395.0128    394.9304    394.9992    394.9168    394.9863    394.9005    394.9600    394.8638    394.9176    394.8136    394.8528    394.7259    394.7246
      0.2410     -1.2523    392.0414    393.1097    393.7304    394.2811    394.5299    394.8190    394.8666    395.0174    394.9764    395.0735    395.0012    395.0821    395.0042    395.0833    395.0025    395.0748    394.9844    395.0492    394.9565    395.0225    394.9326    394.9987    394.9058    394.9678    394.8697    394.9245    394.8134    394.8518    394.7173    394.7149
      0.4820     -1.2523    392.0397    393.1083    393.7307    394.2702    394.5012    394.7720    394.8084    394.9513    394.9131    395.0168    394.9605    395.0521    394.9824    395.0601    394.9771    395.0489    394.9663    395.0403    394.9563    395.0233    394.9324    394.9962    394.9032    394.9617    394.8635    394.9174    394.8086    394.8448    394.7147    394.7148
      0.7230     -1.2523    392.0267    393.0781    393.6803    394.2062    394.4304    394.7011    394.7441    394.8959    394.8647    394.9713    394.9121    395.0014    394.9306    395.0104    394.9309    395.0032    394.9190    394.9884    394.9014    394.9675    394.8783    394.9436    394.8536    394.9178    394.8257    394.8855    394.7834    394.8271    394.7022    394.7102
      0.9640     -1.2523    391.9775    392.9669    393.5189    394.0100    394.2264    394.4938    394.5428    394.6878    394.6506    394.7403    394.6708    394.7447    394.6681    394.7409    394.6655    394.7404    394.6680    394.7432    394.6689    394.7409    394.6647    394.7368    394.6594    394.7262    394.6427    394.7064    394.6242    394.6904    394.6045    394.6533
     -0.6025     -1.4610    391.9772    392.9665    393.5171    394.0042    394.2113    394.4659    394.4992    394.6345    394.5926    394.6859    394.6230    394.7058    394.6377    394.7156    394.6432    394.7175    394.6422    394.7156    394.6385    394.7100    394.6312    394.7013    394.6217    394.6911    394.6130    394.6831    394.6031    394.6713    394.5838    394.6305
     -0.3615     -1.4610    391.9852    392.9899    393.5517    394.0434    394.2504    394.5091    394.5476    394.6918    394.6538    394.7511    394.6879    394.7719    394.7008    394.7783    394.7029    394.7778    394.7001    394.7727    394.6917    394.7620    394.6824    394.7536    394.6730    394.7410    394.6585    394.7287    394.6461    394.7125    394.6210    394.6627
     -0.1205     -1.4610    392.0143    393.0551    393.6591    394.1888    394.4255    394.7008    394.7484    394.8958    394.8625    394.9605    394.8976    394.9797    394.9078    394.9841    394.9077    394.9800    394.9000    394.9698    394.8876    394.9552    394.8713    394.9350    394.8465    394.9057    394.8144    394.8697    394.7683    394.8107    394.6931    394.7064
      0.1205     -1.4610    392.0170    393.0620    393.6527    394.1980    394.4410    394.7206    394.7689    394.9147    394.8777    394.9749    394.9112    394.9939    394.9201    394.9943    394.9143    394.9853    394.9050    394.9759    394.8938    394.9606    394.8744    394.9372    394.8483    394.9092    394.8182    394.8735    394.7688    394.8095    394.6908    394.7090
      0.3615     -1.4610    391.9867    392.9884    393.5541    394.0511    394.2596    394.5124    394.5443    394.6819    394.6443    394.7403    394.6784    394.7606    394.6912    394.7692    394.6971    394.7733    394.6990    394.7725    394.6951    394.7664    394.6880    394.7581    394.6773    394.7444    394.6617    394.7267    394.6413    394.7016    394.6064    394.6461
      0.6025     -1.4610    391.9810    392.9737    393.5286    394.0198    394.2339    394.4965    394.5382    394.6779    394.6401    394.7325    394.6692    394.7473    394.6747    394.7483    394.6731    394.7473    394.6724    394.7451    394.6673    394.7348    394.6552    394.7233    394.6473    394.7184    394.6419    394.7112    394.6317    394.6978    394.6096    394.6560
