 -1.446000e+00 -1.711000e+00  3.920253e+02
 -1.446000e+00 -1.593000e+00  3.930715e+02
 -1.446000e+00 -1.475000e+00  3.936756e+02
 -1.446000e+00 -1.357000e+00  3.942088e+02
 -1.446000e+00 -1.239000e+00  3.944492e+02
 -1.446000e+00 -1.121000e+00  3.947260e+02
 -1.446000e+00 -1.003000e+00  3.947656e+02
 -1.446000e+00 -8.850000e-01  3.948996e+02
 -1.446000e+00 -7.670000e-01  3.948514e+02
 -1.446000e+00 -6.490000e-01  3.949402e+02
 -1.446000e+00 -5.310000e-01  3.948743e+02
 -1.446000e+00 -4.130000e-01  3.949572e+02
 -1.446000e+00 -2.950000e-01  3.948856e+02
 -1.446000e+00 -1.770000e-01  3.949618e+02
 -1.446000e+00 -5.900000e-02  3.948829e+02
 -1.446000e+00  5.900000e-02  3.949561e+02
 -1.446000e+00  1.770000e-01  3.948788e+02
 -1.446000e+00  2.950000e-01  3.949547e+02
 -1.446000e+00  4.130000e-01  3.948772e+02
 -1.446000e+00  5.310000e-01  3.949477e+02
 -1.446000e+00  6.490000e-01  3.948631e+02
 -1.446000e+00  7.670000e-01  3.949266e+02
 -1.446000e+00  8.850000e-01  3.948370e+02
 -1.446000e+00  1.003000e+00  3.948958e+02
 -1.446000e+00  1.121000e+00  3.948019e+02
 -1.446000e+00  1.239000e+00  3.948538e+02
 -1.446000e+00  1.357000e+00  3.947472e+02
 -1.446000e+00  1.475000e+00  3.947835e+02
 -1.446000e+00  1.593000e+00  3.946574e+02
 -1.446000e+00  1.711000e+00  3.946635e+02
 -1.205000e+00 -1.711000e+00  3.920382e+02
 -1.205000e+00 -1.593000e+00  3.931011e+02
 -1.205000e+00 -1.475000e+00  3.937120e+02
 -1.205000e+00 -1.357000e+00  3.942504e+02
 -1.205000e+00 -1.239000e+00  3.944792e+02
 -1.205000e+00 -1.121000e+00  3.947542e+02
 -1.205000e+00 -1.003000e+00  3.947885e+02
 -1.205000e+00 -8.850000e-01  3.949316e+02
 -1.205000e+00 -7.670000e-01  3.948872e+02
 -1.205000e+00 -6.490000e-01  3.949882e+02
 -1.205000e+00 -5.310000e-01  3.949241e+02
 -1.205000e+00 -4.130000e-01  3.950151e+02
 -1.205000e+00 -2.950000e-01  3.949417e+02
 -1.205000e+00 -1.770000e-01  3.950204e+02
 -1.205000e+00 -5.900000e-02  3.949354e+02
 -1.205000e+00  5.900000e-02  3.950096e+02
 -1.205000e+00  1.770000e-01  3.949284e+02
 -1.205000e+00  2.950000e-01  3.950079e+02
 -1.205000e+00  4.130000e-01  3.949259e+02
 -1.205000e+00  5.310000e-01  3.949981e+02
 -1.205000e+00  6.490000e-01  3.949069e+02
 -1.205000e+00  7.670000e-01  3.949744e+02
 -1.205000e+00  8.850000e-01  3.948803e+02
 -1.205000e+00  1.003000e+00  3.949436e+02
 -1.205000e+00  1.121000e+00  3.948473e+02
 -1.205000e+00  1.239000e+00  3.949079e+02
 -1.205000e+00  1.357000e+00  3.948012e+02
 -1.205000e+00  1.475000e+00  3.948443e+02
 -1.205000e+00  1.593000e+00  3.947126e+02
 -1.205000e+00  1.711000e+00  3.947112e+02
 -9.640000e-01 -1.711000e+00  3.920377e+02
 -9.640000e-01 -1.593000e+00  3.930976e+02
 -9.640000e-01 -1.475000e+00  3.937054e+02
 -9.640000e-01 -1.357000e+00  3.942308e+02
 -9.640000e-01 -1.239000e+00  3.944502e+02
 -9.640000e-01 -1.121000e+00  3.947167e+02
 -9.640000e-01 -1.003000e+00  3.947548e+02
 -9.640000e-01 -8.850000e-01  3.949022e+02
 -9.640000e-01 -7.670000e-01  3.948636e+02
 -9.640000e-01 -6.490000e-01  3.949637e+02
 -9.640000e-01 -5.310000e-01  3.948976e+02
 -9.640000e-01 -4.130000e-01  3.949848e+02
 -9.640000e-01 -2.950000e-01  3.949160e+02
 -9.640000e-01 -1.770000e-01  3.950008e+02
 -9.640000e-01 -5.900000e-02  3.949253e+02
 -9.640000e-01  5.900000e-02  3.950011e+02
 -9.640000e-01  1.770000e-01  3.949167e+02
 -9.640000e-01  2.950000e-01  3.949871e+02
 -9.640000e-01  4.130000e-01  3.949008e+02
 -9.640000e-01  5.310000e-01  3.949701e+02
 -9.640000e-01  6.490000e-01  3.948839e+02
 -9.640000e-01  7.670000e-01  3.949528e+02
 -9.640000e-01  8.850000e-01  3.948634e+02
 -9.640000e-01  1.003000e+00  3.949270e+02
 -9.640000e-01  1.121000e+00  3.948352e+02
 -9.640000e-01  1.239000e+00  3.948972e+02
 -9.640000e-01  1.357000e+00  3.947916e+02
 -9.640000e-01  1.475000e+00  3.948320e+02
 -9.640000e-01  1.593000e+00  3.947053e+02
 -9.640000e-01  1.711000e+00  3.947053e+02
 -7.230000e-01 -1.711000e+00  3.920479e+02
 -7.230000e-01 -1.593000e+00  3.931179e+02
 -7.230000e-01 -1.475000e+00  3.937289e+02
 -7.230000e-01 -1.357000e+00  3.942577e+02
 -7.230000e-01 -1.239000e+00  3.944809e+02
 -7.230000e-01 -1.121000e+00  3.947501e+02
 -7.230000e-01 -1.003000e+00  3.947865e+02
 -7.230000e-01 -8.850000e-01  3.949315e+02
 -7.230000e-01 -7.670000e-01  3.948911e+02
 -7.230000e-01 -6.490000e-01  3.949920e+02
 -7.230000e-01 -5.310000e-01  3.949277e+02
 -7.230000e-01 -4.130000e-01  3.950175e+02
 -7.230000e-01 -2.950000e-01  3.949483e+02
 -7.230000e-01 -1.770000e-01  3.950347e+02
 -7.230000e-01 -5.900000e-02  3.949611e+02
 -7.230000e-01  5.900000e-02  3.950409e+02
 -7.230000e-01  1.770000e-01  3.949604e+02
 -7.230000e-01  2.950000e-01  3.950340e+02
 -7.230000e-01  4.130000e-01  3.949489e+02
 -7.230000e-01  5.310000e-01  3.950178e+02
 -7.230000e-01  6.490000e-01  3.949270e+02
 -7.230000e-01  7.670000e-01  3.949895e+02
 -7.230000e-01  8.850000e-01  3.948923e+02
 -7.230000e-01  1.003000e+00  3.949502e+02
 -7.230000e-01  1.121000e+00  3.948473e+02
 -7.230000e-01  1.239000e+00  3.948914e+02
 -7.230000e-01  1.357000e+00  3.947626e+02
 -7.230000e-01  1.475000e+00  3.947946e+02
 -7.230000e-01  1.593000e+00  3.946649e+02
 -7.230000e-01  1.711000e+00  3.946700e+02
 -4.820000e-01 -1.711000e+00  3.920464e+02
 -4.820000e-01 -1.593000e+00  3.931181e+02
 -4.820000e-01 -1.475000e+00  3.937298e+02
 -4.820000e-01 -1.357000e+00  3.942509e+02
 -4.820000e-01 -1.239000e+00  3.944594e+02
 -4.820000e-01 -1.121000e+00  3.947196e+02
 -4.820000e-01 -1.003000e+00  3.947589e+02
 -4.820000e-01 -8.850000e-01  3.949131e+02
 -4.820000e-01 -7.670000e-01  3.948879e+02
 -4.820000e-01 -6.490000e-01  3.949973e+02
 -4.820000e-01 -5.310000e-01  3.949360e+02
 -4.820000e-01 -4.130000e-01  3.950194e+02
 -4.820000e-01 -2.950000e-01  3.949436e+02
 -4.820000e-01 -1.770000e-01  3.950229e+02
 -4.820000e-01 -5.900000e-02  3.949453e+02
 -4.820000e-01  5.900000e-02  3.950238e+02
 -4.820000e-01  1.770000e-01  3.949462e+02
 -4.820000e-01  2.950000e-01  3.950248e+02
 -4.820000e-01  4.130000e-01  3.949428e+02
 -4.820000e-01  5.310000e-01  3.950103e+02
 -4.820000e-01  6.490000e-01  3.949174e+02
 -4.820000e-01  7.670000e-01  3.949803e+02
 -4.820000e-01  8.850000e-01  3.948894e+02
 -4.820000e-01  1.003000e+00  3.949508e+02
 -4.820000e-01  1.121000e+00  3.948552e+02
 -4.820000e-01  1.239000e+00  3.949120e+02
 -4.820000e-01  1.357000e+00  3.948047e+02
 -4.820000e-01  1.475000e+00  3.948408e+02
 -4.820000e-01  1.593000e+00  3.947108e+02
 -4.820000e-01  1.711000e+00  3.947112e+02
 -2.410000e-01 -1.711000e+00  3.920299e+02
 -2.410000e-01 -1.593000e+00  3.930800e+02
 -2.410000e-01 -1.475000e+00  3.936699e+02
 -2.410000e-01 -1.357000e+00  3.941877e+02
 -2.410000e-01 -1.239000e+00  3.944034e+02
 -2.410000e-01 -1.121000e+00  3.946665e+02
 -2.410000e-01 -1.003000e+00  3.946964e+02
 -2.410000e-01 -8.850000e-01  3.948312e+02
 -2.410000e-01 -7.670000e-01  3.947811e+02
 -2.410000e-01 -6.490000e-01  3.948788e+02
 -2.410000e-01 -5.310000e-01  3.948170e+02
 -2.410000e-01 -4.130000e-01  3.949117e+02
 -2.410000e-01 -2.950000e-01  3.948432e+02
 -2.410000e-01 -1.770000e-01  3.949234e+02
 -2.410000e-01 -5.900000e-02  3.948372e+02
 -2.410000e-01  5.900000e-02  3.949071e+02
 -2.410000e-01  1.770000e-01  3.948253e+02
 -2.410000e-01  2.950000e-01  3.949064e+02
 -2.410000e-01  4.130000e-01  3.948308e+02
 -2.410000e-01  5.310000e-01  3.949089e+02
 -2.410000e-01  6.490000e-01  3.948262e+02
 -2.410000e-01  7.670000e-01  3.948979e+02
 -2.410000e-01  8.850000e-01  3.948084e+02
 -2.410000e-01  1.003000e+00  3.948699e+02
 -2.410000e-01  1.121000e+00  3.947716e+02
 -2.410000e-01  1.239000e+00  3.948350e+02
 -2.410000e-01  1.357000e+00  3.947398e+02
 -2.410000e-01  1.475000e+00  3.947945e+02
 -2.410000e-01  1.593000e+00  3.946774e+02
 -2.410000e-01  1.711000e+00  3.946897e+02
  0.000000e+00 -1.711000e+00  3.920314e+02
  0.000000e+00 -1.593000e+00  3.930855e+02
  0.000000e+00 -1.475000e+00  3.936769e+02
  0.000000e+00 -1.357000e+00  3.941875e+02
  0.000000e+00 -1.239000e+00  3.943982e+02
  0.000000e+00 -1.121000e+00  3.946528e+02
  0.000000e+00 -1.003000e+00  3.946837e+02
  0.000000e+00 -8.850000e-01  3.948226e+02
  0.000000e+00 -7.670000e-01  3.947821e+02
  0.000000e+00 -6.490000e-01  3.948884e+02
  0.000000e+00 -5.310000e-01  3.948342e+02
  0.000000e+00 -4.130000e-01  3.949312e+02
  0.000000e+00 -2.950000e-01  3.948671e+02
  0.000000e+00 -1.770000e-01  3.949491e+02
  0.000000e+00 -5.900000e-02  3.948656e+02
  0.000000e+00  5.900000e-02  3.949338e+02
  0.000000e+00  1.770000e-01  3.948509e+02
  0.000000e+00  2.950000e-01  3.949293e+02
  0.000000e+00  4.130000e-01  3.948515e+02
  0.000000e+00  5.310000e-01  3.949236e+02
  0.000000e+00  6.490000e-01  3.948352e+02
  0.000000e+00  7.670000e-01  3.949058e+02
  0.000000e+00  8.850000e-01  3.948272e+02
  0.000000e+00  1.003000e+00  3.948997e+02
  0.000000e+00  1.121000e+00  3.948125e+02
  0.000000e+00  1.239000e+00  3.948774e+02
  0.000000e+00  1.357000e+00  3.947823e+02
  0.000000e+00  1.475000e+00  3.948295e+02
  0.000000e+00  1.593000e+00  3.947032e+02
  0.000000e+00  1.711000e+00  3.947019e+02
  2.410000e-01 -1.711000e+00  3.920229e+02
  2.410000e-01 -1.593000e+00  3.930693e+02
  2.410000e-01 -1.475000e+00  3.936532e+02
  2.410000e-01 -1.357000e+00  3.941576e+02
  2.410000e-01 -1.239000e+00  3.943637e+02
  2.410000e-01 -1.121000e+00  3.946288e+02
  2.410000e-01 -1.003000e+00  3.946737e+02
  2.410000e-01 -8.850000e-01  3.948239e+02
  2.410000e-01 -7.670000e-01  3.947807e+02
  2.410000e-01 -6.490000e-01  3.948754e+02
  2.410000e-01 -5.310000e-01  3.948064e+02
  2.410000e-01 -4.130000e-01  3.948960e+02
  2.410000e-01 -2.950000e-01  3.948330e+02
  2.410000e-01 -1.770000e-01  3.949239e+02
  2.410000e-01 -5.900000e-02  3.948523e+02
  2.410000e-01  5.900000e-02  3.949304e+02
  2.410000e-01  1.770000e-01  3.948516e+02
  2.410000e-01  2.950000e-01  3.949270e+02
  2.410000e-01  4.130000e-01  3.948397e+02
  2.410000e-01  5.310000e-01  3.949019e+02
  2.410000e-01  6.490000e-01  3.948063e+02
  2.410000e-01  7.670000e-01  3.948768e+02
  2.410000e-01  8.850000e-01  3.947986e+02
  2.410000e-01  1.003000e+00  3.948733e+02
  2.410000e-01  1.121000e+00  3.947838e+02
  2.410000e-01  1.239000e+00  3.948460e+02
  2.410000e-01  1.357000e+00  3.947463e+02
  2.410000e-01  1.475000e+00  3.947953e+02
  2.410000e-01  1.593000e+00  3.946796e+02
  2.410000e-01  1.711000e+00  3.946943e+02
  4.820000e-01 -1.711000e+00  3.920497e+02
  4.820000e-01 -1.593000e+00  3.931220e+02
  4.820000e-01 -1.475000e+00  3.937332e+02
  4.820000e-01 -1.357000e+00  3.942553e+02
  4.820000e-01 -1.239000e+00  3.944697e+02
  4.820000e-01 -1.121000e+00  3.947312e+02
  4.820000e-01 -1.003000e+00  3.947714e+02
  4.820000e-01 -8.850000e-01  3.949250e+02
  4.820000e-01 -7.670000e-01  3.948981e+02
  4.820000e-01 -6.490000e-01  3.950095e+02
  4.820000e-01 -5.310000e-01  3.949513e+02
  4.820000e-01 -4.130000e-01  3.950386e+02
  4.820000e-01 -2.950000e-01  3.949658e+02
  4.820000e-01 -1.770000e-01  3.950433e+02
  4.820000e-01 -5.900000e-02  3.949623e+02
  4.820000e-01  5.900000e-02  3.950320e+02
  4.820000e-01  1.770000e-01  3.949429e+02
  4.820000e-01  2.950000e-01  3.950077e+02
  4.820000e-01  4.130000e-01  3.949159e+02
  4.820000e-01  5.310000e-01  3.949807e+02
  4.820000e-01  6.490000e-01  3.948940e+02
  4.820000e-01  7.670000e-01  3.949668e+02
  4.820000e-01  8.850000e-01  3.948851e+02
  4.820000e-01  1.003000e+00  3.949524e+02
  4.820000e-01  1.121000e+00  3.948583e+02
  4.820000e-01  1.239000e+00  3.949123e+02
  4.820000e-01  1.357000e+00  3.948030e+02
  4.820000e-01  1.475000e+00  3.948398e+02
  4.820000e-01  1.593000e+00  3.947091e+02
  4.820000e-01  1.711000e+00  3.947096e+02
  7.230000e-01 -1.711000e+00  3.920457e+02
  7.230000e-01 -1.593000e+00  3.931118e+02
  7.230000e-01 -1.475000e+00  3.937256e+02
  7.230000e-01 -1.357000e+00  3.942600e+02
  7.230000e-01 -1.239000e+00  3.944884e+02
  7.230000e-01 -1.121000e+00  3.947615e+02
  7.230000e-01 -1.003000e+00  3.947994e+02
  7.230000e-01 -8.850000e-01  3.949402e+02
  7.230000e-01 -7.670000e-01  3.948949e+02
  7.230000e-01 -6.490000e-01  3.949910e+02
  7.230000e-01 -5.310000e-01  3.949273e+02
  7.230000e-01 -4.130000e-01  3.950168e+02
  7.230000e-01 -2.950000e-01  3.949460e+02
  7.230000e-01 -1.770000e-01  3.950249e+02
  7.230000e-01 -5.900000e-02  3.949420e+02
  7.230000e-01  5.900000e-02  3.950164e+02
  7.230000e-01  1.770000e-01  3.949401e+02
  7.230000e-01  2.950000e-01  3.950223e+02
  7.230000e-01  4.130000e-01  3.949460e+02
  7.230000e-01  5.310000e-01  3.950165e+02
  7.230000e-01  6.490000e-01  3.949257e+02
  7.230000e-01  7.670000e-01  3.949892e+02
  7.230000e-01  8.850000e-01  3.948969e+02
  7.230000e-01  1.003000e+00  3.949587e+02
  7.230000e-01  1.121000e+00  3.948609e+02
  7.230000e-01  1.239000e+00  3.949075e+02
  7.230000e-01  1.357000e+00  3.947768e+02
  7.230000e-01  1.475000e+00  3.948010e+02
  7.230000e-01  1.593000e+00  3.946661e+02
  7.230000e-01  1.711000e+00  3.946692e+02
  9.640000e-01 -1.711000e+00  3.920362e+02
  9.640000e-01 -1.593000e+00  3.930979e+02
  9.640000e-01 -1.475000e+00  3.936980e+02
  9.640000e-01 -1.357000e+00  3.942209e+02
  9.640000e-01 -1.239000e+00  3.944375e+02
  9.640000e-01 -1.121000e+00  3.947076e+02
  9.640000e-01 -1.003000e+00  3.947436e+02
  9.640000e-01 -8.850000e-01  3.948904e+02
  9.640000e-01 -7.670000e-01  3.948472e+02
  9.640000e-01 -6.490000e-01  3.949507e+02
  9.640000e-01 -5.310000e-01  3.948852e+02
  9.640000e-01 -4.130000e-01  3.949756e+02
  9.640000e-01 -2.950000e-01  3.949001e+02
  9.640000e-01 -1.770000e-01  3.949793e+02
  9.640000e-01 -5.900000e-02  3.948968e+02
  9.640000e-01  5.900000e-02  3.949770e+02
  9.640000e-01  1.770000e-01  3.949017e+02
  9.640000e-01  2.950000e-01  3.949882e+02
  9.640000e-01  4.130000e-01  3.949080e+02
  9.640000e-01  5.310000e-01  3.949806e+02
  9.640000e-01  6.490000e-01  3.948882e+02
  9.640000e-01  7.670000e-01  3.949549e+02
  9.640000e-01  8.850000e-01  3.948606e+02
  9.640000e-01  1.003000e+00  3.949233e+02
  9.640000e-01  1.121000e+00  3.948256e+02
  9.640000e-01  1.239000e+00  3.948875e+02
  9.640000e-01  1.357000e+00  3.947817e+02
  9.640000e-01  1.475000e+00  3.948297e+02
  9.640000e-01  1.593000e+00  3.947037e+02
  9.640000e-01  1.711000e+00  3.947082e+02
  1.205000e+00 -1.711000e+00  3.920491e+02
  1.205000e+00 -1.593000e+00  3.931144e+02
  1.205000e+00 -1.475000e+00  3.937059e+02
  1.205000e+00 -1.357000e+00  3.942454e+02
  1.205000e+00 -1.239000e+00  3.944714e+02
  1.205000e+00 -1.121000e+00  3.947386e+02
  1.205000e+00 -1.003000e+00  3.947747e+02
  1.205000e+00 -8.850000e-01  3.949213e+02
  1.205000e+00 -7.670000e-01  3.948890e+02
  1.205000e+00 -6.490000e-01  3.949976e+02
  1.205000e+00 -5.310000e-01  3.949403e+02
  1.205000e+00 -4.130000e-01  3.950309e+02
  1.205000e+00 -2.950000e-01  3.949582e+02
  1.205000e+00 -1.770000e-01  3.950354e+02
  1.205000e+00 -5.900000e-02  3.949531e+02
  1.205000e+00  5.900000e-02  3.950234e+02
  1.205000e+00  1.770000e-01  3.949365e+02
  1.205000e+00  2.950000e-01  3.950052e+02
  1.205000e+00  4.130000e-01  3.949166e+02
  1.205000e+00  5.310000e-01  3.949847e+02
  1.205000e+00  6.490000e-01  3.948948e+02
  1.205000e+00  7.670000e-01  3.949577e+02
  1.205000e+00  8.850000e-01  3.948635e+02
  1.205000e+00  1.003000e+00  3.949259e+02
  1.205000e+00  1.121000e+00  3.948375e+02
  1.205000e+00  1.239000e+00  3.949027e+02
  1.205000e+00  1.357000e+00  3.948023e+02
  1.205000e+00  1.475000e+00  3.948480e+02
  1.205000e+00  1.593000e+00  3.947196e+02
  1.205000e+00  1.711000e+00  3.947195e+02
  1.446000e+00 -1.711000e+00  3.920258e+02
  1.446000e+00 -1.593000e+00  3.930777e+02
  1.446000e+00 -1.475000e+00  3.936826e+02
  1.446000e+00 -1.357000e+00  3.942086e+02
  1.446000e+00 -1.239000e+00  3.944315e+02
  1.446000e+00 -1.121000e+00  3.946994e+02
  1.446000e+00 -1.003000e+00  3.947403e+02
  1.446000e+00 -8.850000e-01  3.948923e+02
  1.446000e+00 -7.670000e-01  3.948627e+02
  1.446000e+00 -6.490000e-01  3.949705e+02
  1.446000e+00 -5.310000e-01  3.949133e+02
  1.446000e+00 -4.130000e-01  3.950013e+02
  1.446000e+00 -2.950000e-01  3.949283e+02
  1.446000e+00 -1.770000e-01  3.950037e+02
  1.446000e+00 -5.900000e-02  3.949215e+02
  1.446000e+00  5.900000e-02  3.949936e+02
  1.446000e+00  1.770000e-01  3.949096e+02
  1.446000e+00  2.950000e-01  3.949789e+02
  1.446000e+00  4.130000e-01  3.948923e+02
  1.446000e+00  5.310000e-01  3.949594e+02
  1.446000e+00  6.490000e-01  3.948745e+02
  1.446000e+00  7.670000e-01  3.949426e+02
  1.446000e+00  8.850000e-01  3.948525e+02
  1.446000e+00  1.003000e+00  3.949130e+02
  1.446000e+00  1.121000e+00  3.948174e+02
  1.446000e+00  1.239000e+00  3.948740e+02
  1.446000e+00  1.357000e+00  3.947716e+02
  1.446000e+00  1.475000e+00  3.948173e+02
  1.446000e+00  1.593000e+00  3.946959e+02
  1.446000e+00  1.711000e+00  3.947071e+02
