105521 150307 180982 201227 215951 226994 234969 241104 246012 249080 250920 251534 252147 251534 250307 249080 246626 243558 239877 235583 230061 224540 217791 209202 200000 188957 174847 155828 128221 87730 
142331 206748 252147 283436 306135 322086 334356 342945 349080 352761 355828 357055 357055 356442 354601 352147 348466 344172 338650 332515 325153 316564 306748 295092 280368 263190 241718 212270 171166 116564 
241718 385276 500000 581595 636196 673006 697546 712883 722086 726994 728834 727607 724540 719632 712883 704908 695092 684049 671166 656442 639264 619018 595706 568098 534356 493252 439877 370552 280368 176687 
241718 385276 500000 580982 635583 672393 696319 712270 721472 726380 727607 726994 723926 719018 712270 704294 694479 683436 670552 656442 639264 619018 595706 568098 534969 493252 439877 370552 280368 176687 
142331 206748 252147 283436 305521 321472 333742 341718 347853 352147 354601 356442 356442 355828 353988 351534 348466 344172 338650 332515 325153 316564 306748 295092 280982 263804 241718 212883 171779 116564 
106135 150920 180982 201840 216564 227607 235583 241718 246626 249693 251534 252147 252761 252147 250920 249693 247239 244172 240491 236196 231288 225153 218405 209816 200613 188957 174847 156442 128221 88344 
105521 150920 180982 201227 215951 226994 235583 241104 246012 249080 250920 252147 252147 251534 250920 249080 246626 243558 239877 235583 230675 224540 217791 209816 200000 188957 174847 156442 128221 88344 
277914 439877 567485 655215 714110 753374 778528 795092 804294 809202 810429 809202 805521 800000 792025 782822 771779 758896 743558 725767 706135 683436 658282 628221 592025 547239 490184 414724 315951 200613 
337423 529448 677914 777914 844785 888344 916564 934969 945399 950920 952761 951534 947239 940491 931902 920859 906135 889571 871166 850920 828221 802454 773006 738650 696933 646012 579755 493252 377914 242331 
350920 547853 700000 802454 869939 914110 943558 961963 973620 979755 981595 980982 977301 971166 963190 950920 936196 919632 901840 880982 858282 832515 802454 767485 724540 671779 604294 514110 394479 254601 
344172 526380 652761 734356 787117 823313 848466 865644 877914 885276 889571 891411 890798 887730 882822 875460 865644 853374 838650 821472 802454 780982 755215 725767 689571 644785 586503 507362 396319 257055 
350920 547853 698773 800000 866871 910429 939264 957669 968712 974847 977301 976687 973006 967485 959509 947853 933742 917791 900000 879755 857055 831902 802454 767485 725767 673006 605521 515951 395706 255215 
338037 530675 679141 779141 845399 888957 917178 934969 945399 950920 952761 951534 947239 941104 932515 920859 906748 890184 871779 851534 828834 803681 774233 739877 698773 647239 581595 494479 379141 242945 
279141 441718 569325 657669 717178 755828 781595 797546 807362 812270 813497 811656 807975 802454 794479 785276 774233 761350 745399 727607 707975 685276 659509 629448 593252 548466 490798 415951 316564 201227 
106135 150920 181595 201840 216564 227607 236196 242331 246626 249693 251534 252761 252761 252147 251534 249693 247239 244172 240491 236196 230675 225153 217791 209816 200613 188957 174847 156442 128221 88344 
142331 206748 252147 282822 305521 321472 333129 341718 347853 352147 354601 355828 356442 355828 353988 351534 347853 343558 338650 332515 325153 316564 306748 295092 280982 263804 241718 212883 171779 116564 
337423 528834 677301 777301 842945 886503 914724 932515 943558 949080 950307 949080 945399 939264 930675 919632 904908 888344 870552 850307 827607 802454 773006 739264 697546 646626 580982 494479 378528 242945 
352147 534969 658896 737423 787730 822086 846626 863190 875460 883436 888344 890798 890184 888344 884049 877301 868098 855828 841718 825153 806748 785276 760123 730675 694479 649693 592025 514110 403067 262577 
301840 431288 513497 564417 597546 621472 639264 653374 664417 673006 679141 683436 685890 687117 686503 683436 679141 673620 665644 655828 644172 629448 611656 590184 564417 531902 490798 434969 353374 242331 
330061 477301 571166 628221 665031 691411 710429 725153 736810 745399 751534 755828 758282 758896 757055 753988 749080 741718 733129 720859 706748 689571 669939 646626 617791 582209 536810 474847 384663 261350 
329448 474847 565644 619018 653374 676687 694479 708589 720245 728834 736196 741104 744172 745399 744785 742945 738650 732515 724540 714110 701227 685276 666871 644785 617791 584049 539264 478528 387730 263804 
306135 438037 520859 571166 604294 627607 645399 658896 669939 678528 685276 689571 692638 693865 693252 690798 687117 680982 673620 663804 652147 637423 619632 598773 573006 540491 498773 442331 359509 245399 
352761 536810 661350 739877 790798 825153 849693 866258 878528 885890 890798 893252 893252 890798 886503 879755 870552 858282 843558 827607 808589 787117 761963 731902 696319 651534 593252 514724 403067 263190 
338037 530675 679755 780368 847239 890798 919018 937423 947853 953374 955215 953374 949080 942331 933742 922086 907362 890798 872393 852147 829448 803681 774233 739264 698160 646626 580368 493252 377914 242331 
142331 207362 252761 284049 306748 322699 334969 343558 349693 353988 356442 357669 357669 357055 355215 352761 349080 344785 339877 333129 325767 317178 307362 295092 280982 263804 241718 212883 171166 116564 
241718 385276 500000 580982 636196 673006 696933 712270 721472 726380 728221 726994 723926 719018 712883 704294 695092 684049 671166 656442 639264 619018 595706 568098 534969 493252 440491 371166 280368 176687 
350307 547239 698160 799387 866258 909816 938650 957055 968098 974847 976687 976074 973006 967485 959509 947853 933742 917791 900000 879755 857055 831902 802454 767485 725767 673006 605521 515951 395706 255215 
303067 432515 513497 563190 595706 618405 636196 649693 660736 669325 676074 680368 683436 684663 684049 682209 677914 672393 665031 655828 644172 630061 612270 591411 566258 534356 493252 438037 355828 244172 
347239 514724 623926 689571 731288 758896 779141 794479 806748 815951 822699 827607 830675 831288 830061 826994 822086 814724 803681 790798 775460 756442 734356 706748 671166 624540 563804 490184 387117 254601 
369325 558282 685276 758282 801227 829448 849080 863804 876074 885276 892638 898160 901840 903067 902454 899387 892638 883436 872393 858282 842331 822699 798773 768712 730675 679141 610429 525767 409816 267485 
358896 539877 656442 722086 760736 785890 803681 818405 830061 839877 847853 853374 857669 859509 860123 857669 853988 846012 836196 823926 808589 790798 769939 743558 711043 668098 611043 532515 419632 276687 
369939 559509 686503 759509 801840 829448 848466 863804 875460 885276 892638 898160 901840 903067 903067 900000 893865 884663 873620 860123 843558 824540 800613 771166 733129 681595 612883 528221 411656 268712 
347853 515337 625153 690798 732515 760123 780368 795706 807975 817178 823926 828834 831288 832515 831288 828221 823313 815337 804294 791411 776074 757055 734969 707362 671779 625153 563804 490184 387117 254601 
305521 437423 520859 572393 606135 630061 648466 662577 673620 682209 688344 692638 695092 695706 695092 692025 687730 681595 673620 663804 651534 636810 618405 596933 570552 538037 495706 438650 356442 243558 
351534 549080 701227 803681 871779 915951 945399 963804 974847 980982 983436 982209 978528 972393 964417 951534 937423 920859 902454 882209 858896 833129 803067 768098 725153 672393 604294 514724 394479 254601 
242331 385890 501227 582822 638037 674847 698773 714110 723926 728834 730061 728834 725767 720859 714110 706135 696319 685276 672393 657669 640491 620245 596319 568712 535583 493865 440491 371166 280368 176687 
241718 385276 500613 582209 637423 674233 698160 713497 722699 727607 729448 728221 725153 720245 713497 705521 695706 684663 671779 657055 639264 619018 595706 568098 534969 493252 439877 370552 280368 176687 
344785 527607 653988 734969 788344 824540 849693 866871 879141 886503 890798 892638 892025 888957 884049 876687 866871 853988 839877 822699 803681 781595 756442 726380 690184 645399 587117 507975 396319 257055 
329448 474847 565644 619018 652761 676687 694479 708589 719632 728834 735583 740491 743558 745399 744785 742331 738650 732515 724540 714110 700613 685276 666871 644785 617791 583436 539264 478528 387730 263804 
369939 559509 686503 758896 801840 829448 848466 863804 875460 885276 892638 898160 901840 903067 902454 900000 893865 884663 873620 860123 843558 824540 800613 771166 733129 681595 612883 528221 411656 268712 
369325 559509 685276 756442 798773 826380 846012 860736 873006 882822 890798 896933 901227 903067 903067 900613 895092 886503 876074 862577 846626 826994 801840 768712 720859 639877 523313 435583 328834 201227 
286503 407975 480982 523313 549693 568098 582209 594479 604908 614110 622086 628221 633129 636196 638037 638650 637423 634356 629448 622086 613497 601840 586503 567485 541718 507362 462577 409202 331902 226380 
288957 411656 487730 531902 560123 579755 595092 607975 618405 627607 634969 641104 645399 648466 649693 649693 647853 644172 638650 631288 621472 608589 592638 572393 546012 510429 465031 411043 333129 227607 
369939 560123 685890 757669 800000 827607 847239 861963 874233 884049 892025 898160 902454 904294 904294 902454 896319 887730 877301 863804 847853 828221 803067 769939 721472 641104 523926 436196 329448 201840 
369325 558896 685890 758896 802454 830061 849693 864417 876687 885890 893252 898773 902454 903681 902454 900000 893252 884049 872393 858896 842331 822699 798773 769325 731288 679141 610429 525767 409816 267485 
330061 477301 571779 628834 665644 691411 711043 725767 736810 746012 752147 756442 758896 758896 757669 754601 749080 742331 733129 721472 706748 690184 669939 646626 617791 582822 536810 474847 384663 261350 
344785 527607 654601 735583 788957 825153 850307 867485 879755 887117 891411 893252 892638 889571 884663 877301 867485 854601 839877 823313 804294 782209 757055 726994 690798 646012 587117 507975 396319 257669 
241718 385276 500613 581595 636196 673006 696933 712883 722086 726994 728221 727607 724540 719632 712883 704908 695092 684049 671166 657055 639877 619632 596319 568712 535583 493865 440491 371166 280368 176687 
142331 206748 252761 284049 306135 322699 334356 342945 349080 353374 355828 357055 357669 356442 354601 352147 348466 344172 339264 333129 325767 316564 306748 295092 280368 263190 241718 212270 171166 116564 
351534 548466 700613 803067 871166 915337 944785 963190 974233 980368 982822 981595 977914 971779 963190 950920 936810 920245 901840 881595 858282 832515 802454 767485 725153 671779 603681 514110 394479 253988 
330061 477301 571166 628834 665644 691411 711043 725767 736810 745399 752147 755828 758282 758896 757669 753988 749080 741718 733129 720859 706748 689571 669939 646012 617791 582209 536810 474847 384663 261350 
358896 539877 657055 722699 761350 786503 804294 819018 830675 840491 848466 853988 858282 860123 860123 858282 854601 846626 836196 823926 809202 791411 769939 744172 711043 668098 611656 532515 419632 276687 
291411 415951 493252 538037 566871 586503 601840 614724 625767 634356 641718 647853 652761 655215 657055 656442 654601 650920 645399 637423 627607 615337 598773 577914 550920 515337 469325 414724 335583 228834 
342945 524540 656442 739264 791411 824540 847853 864417 876687 885276 892025 896933 899387 899387 898160 894479 887117 877301 865031 850307 833129 811656 786503 754601 714110 660123 590184 506135 392025 254601 
245399 345399 408589 447239 473006 492025 506748 519018 529448 537423 544172 549693 553988 556442 557669 557669 556442 552761 548466 541718 533129 522699 509816 493865 474233 450307 420245 381595 315337 218405 
342945 525153 657055 739877 791411 825153 848466 864417 876687 885890 892638 897546 900000 900000 898773 895092 887730 877914 865644 850920 833742 812270 787117 755215 714724 660736 590798 506748 392638 254601 
284663 403681 476074 517178 543558 561963 576074 588344 598773 607362 615337 621472 626380 630061 631902 631902 630675 627607 622699 615951 607362 595706 580982 561963 536810 503067 458282 405521 329448 225767 
359509 539877 657055 722699 761350 786503 804908 819018 830675 840491 848466 854601 858282 860736 860736 858896 854601 846626 836810 824540 809202 792025 770552 744172 711043 668712 611656 533129 419632 276687 
329448 474847 565644 619018 652761 676687 694479 708589 720245 728834 735583 741104 744172 745399 744785 742945 738650 732515 724540 714110 701227 685276 666871 644785 617791 584049 539877 478528 387730 263804 
350307 547239 698773 800000 866871 910429 938650 957055 968712 974847 977301 976687 973006 967485 959509 947853 933742 917791 900000 879755 857669 831902 802454 768098 725767 673620 605521 515951 396319 255215 
142331 206748 252147 282822 305521 321472 333129 341718 347853 352147 354601 355828 356442 355828 353988 351534 348466 344172 338650 332515 325153 317178 306748 295092 280982 263804 242331 213497 171779 116564 
105521 150920 180982 201840 216564 227607 235583 241718 246012 249080 251534 252147 252761 252147 250920 249080 246626 243558 240491 235583 230675 224540 217791 209816 200000 188957 174847 156442 128221 88344 
338037 530675 679141 779755 846626 890184 918405 936810 947239 952761 953988 952761 948466 941718 933129 921472 906748 890184 871779 851534 828834 803067 773620 738650 697546 646012 579755 493252 377914 242331 
304908 436810 520859 571779 606135 630061 648466 661963 673006 681595 687730 692025 694479 695706 694479 692025 687730 681595 673620 663804 651534 636196 618405 596319 570552 537423 495706 438650 356442 243558 
369325 558896 685890 758896 801840 829448 849080 864417 876074 885890 893252 898773 901840 903067 902454 899387 893252 884049 872393 858896 842331 822699 798773 768712 730675 679141 610429 525767 409816 267485 
284663 403681 476074 517178 543558 561350 576074 588344 598773 607362 615337 621472 626380 629448 631902 631902 630675 627607 622699 615951 607362 595706 580982 561963 536810 502454 458282 405521 329448 225767 
245399 345399 408589 447239 473006 492025 506748 519018 529448 537423 544172 549693 553988 556442 557669 557669 556442 552761 548466 541718 533129 522699 509816 493865 474233 450307 420245 381595 315337 218405 
286503 423313 512883 568712 605521 631288 650307 665031 677301 687117 694479 700000 703681 706135 706748 705521 702454 697546 690798 681595 670552 655828 638037 616564 591411 559509 518405 460736 371166 246626 
285890 423313 512883 568712 604908 630675 650307 665031 677301 686503 693865 700000 703681 705521 706135 704908 702454 697546 690798 681595 669939 655215 637423 616564 590798 559509 517791 460736 371166 246626 
245399 345399 408589 447239 473006 492025 506748 519018 529448 537423 544785 549693 553988 556442 557669 557669 556442 553374 548466 541718 533129 522699 509816 493865 474233 450307 420859 381595 315337 218405 
291411 415951 493252 538037 566871 586503 602454 614724 625767 634356 642331 647853 652761 655215 657055 656442 654601 650920 645399 637423 627607 615337 598773 577914 551534 515337 469325 414724 336196 228834 
369939 559509 686503 758896 801840 829448 848466 863804 875460 885276 892638 898160 901840 903681 903067 900000 893865 884663 873620 860123 844172 824540 800613 771166 733129 681595 612883 528221 411656 268712 
303067 432515 513497 563190 595706 618405 636196 649693 660736 669325 676074 680982 683436 684663 684049 682209 678528 672393 665031 655828 644172 630061 612883 592025 566258 534969 493865 438037 356442 244172 
337423 529448 677301 777301 843558 886503 914724 933129 943558 949080 950920 949693 945399 939264 930675 919632 904908 888957 870552 850307 828221 802454 773620 739264 698160 646626 580982 494479 378528 242945 
105521 150920 180982 201227 215951 226994 235583 241718 246012 249080 250920 252147 252147 252147 250920 249080 246626 244172 240491 236196 230675 225153 217791 209816 200613 188957 174847 156442 128221 88344 
278528 441104 568712 657055 716564 755215 780982 796933 806748 811043 812270 811043 807362 801227 793865 784663 773006 760736 744785 726994 707362 684663 658896 628834 592638 547853 490184 415337 315951 200613 
352761 536810 661350 739264 790184 825153 849080 865644 877914 885890 890184 892638 892638 890184 885890 879141 869939 857669 842945 826994 807975 786503 761350 731902 695706 650920 592638 514110 403067 262577 
347853 515337 625153 690798 732515 760123 780368 795706 807362 816564 823313 828221 831288 831902 830675 827607 822699 814724 804294 791411 775460 757055 734969 706748 671779 624540 563804 490184 387117 254601 
369939 560123 685890 757669 800000 827607 847239 861963 874233 884049 892025 898160 901840 904294 904294 901840 896319 887730 877301 863804 847853 827607 803067 769325 721472 640491 523926 436196 329448 201227 
342945 525153 657055 739877 791411 825153 847853 864417 876687 885890 892638 897546 900000 900000 898773 895092 887730 877914 865644 850920 833742 812270 787117 755215 714724 660736 590798 506748 392638 254601 
285890 423313 512883 568712 604908 630675 650307 665031 677301 686503 694479 700000 703681 706135 706135 705521 702454 697546 690798 681595 669939 655215 638037 616564 590798 559509 518405 460736 371166 246626 
295092 441104 537423 597546 638037 666258 687117 703067 715951 725767 733129 738650 741718 743558 743558 741718 737423 731902 723926 714110 700613 684663 665644 642945 615951 582209 538650 476687 382822 253988 
286503 423313 512883 568712 605521 630675 650307 665031 677301 686503 694479 700000 703681 706135 706135 705521 702454 697546 690798 681595 669939 655215 638037 616564 590798 559509 518405 460736 371166 246626 
342945 524540 656442 739264 790798 824540 847853 864417 876074 885276 892025 896933 899387 899387 898160 894479 887117 877301 865031 850307 832515 811656 786503 754601 714110 660123 590184 506135 392025 254601 
369325 559509 685276 757055 799387 826380 846012 861350 873620 883436 891411 896933 901227 903067 903067 901227 895092 887117 876074 863190 846626 826994 801840 768712 720859 639877 523313 435583 329448 201227 
347239 514724 623926 689571 731288 758896 779141 794479 806748 815951 822699 827607 830675 831288 830061 826994 822086 814724 803681 790798 775460 757055 734356 706748 671166 624540 563804 490184 387117 254601 
351534 534969 658896 736810 787730 822086 846012 863190 875460 883436 888344 890184 890184 888344 884049 877301 868098 855828 841718 825153 806748 785276 760123 730675 694479 649693 592025 514110 403067 262577 
277914 439877 567485 655215 714110 753374 778528 795092 804294 809202 810429 809202 805521 800000 792025 782822 771779 758896 743558 725767 706135 683436 658282 628221 592025 547239 490184 414724 315951 200613 
105521 150920 180982 201840 216564 227607 235583 241718 246012 249080 251534 252147 252761 252147 250920 249080 247239 244172 240491 236196 230675 225153 217791 209816 200613 188957 174847 156442 128221 88344 
338037 530061 678528 778528 844785 888344 916564 934356 945399 950920 952147 950920 946626 940491 931902 920859 906135 889571 871779 851534 828834 803067 774233 739877 698773 647239 580982 494479 378528 242945 
306135 438037 520859 571166 604294 627607 645399 658896 669939 678528 684663 689571 692638 693865 693252 690798 686503 680982 673006 663804 652147 637423 619632 598773 573006 540491 498773 442331 359509 245399 
369939 559509 686503 758896 801840 829448 848466 863804 875460 885276 892638 898160 901840 903067 902454 900000 893865 884663 873620 860123 843558 823926 800613 771166 733129 681595 612883 528221 411656 268712 
288957 411656 487730 531902 560123 579755 595092 607975 618405 627607 634969 641104 645399 648466 649693 649693 647853 644172 638650 630675 621472 608589 592638 572393 546012 510429 465031 411043 333129 227607 
245399 345399 408589 447239 473006 492025 506748 519018 529448 537423 544172 549693 553988 556442 557669 557669 556442 552761 548466 541718 533129 522699 509816 493865 474233 450307 420245 381595 315337 218405 
286503 423313 512883 568712 605521 630675 650307 665031 677301 686503 694479 700000 703681 706135 706748 705521 702454 697546 690798 681595 669939 655215 638037 616564 590798 559509 518405 460736 371166 246626 
285890 423313 512883 568712 604908 630675 650307 665031 677301 686503 693865 700000 703681 705521 706135 704908 701840 697546 690798 681595 669939 655215 637423 616564 590798 558896 517791 460736 371166 246626 
245399 345399 407975 446626 473006 492025 506748 519018 528834 537423 544172 549693 553988 556442 557669 557669 555828 552761 547853 541718 533129 522699 509202 493252 473620 449693 420245 381595 315337 218405 
286503 407975 480982 523313 549080 568098 582209 594479 604908 614110 622086 628221 633129 636196 638037 638650 637423 634356 629448 622086 613497 601840 587117 567485 541718 507362 462577 409202 331902 226380 
369325 558282 685276 758282 801227 828834 848466 863804 875460 885276 892638 898160 901227 903067 901840 899387 892638 883436 872393 858282 842331 822699 798773 768712 730675 679141 610429 525767 409816 267485 
301840 431288 513497 563804 597546 620859 639264 653374 663804 672393 679141 683436 685890 686503 685890 683436 679141 673006 665644 655828 643558 628834 611043 590184 564417 531902 490184 434356 353374 242331 
337423 528834 677301 777914 844172 887730 916564 934356 945399 950920 952147 950920 946626 939877 931288 920245 905521 888957 870552 850307 827607 801840 772393 738037 696933 645399 579755 493252 377301 242331 
105521 150307 180368 201227 215951 226994 234969 241104 245399 248466 250920 251534 252147 251534 250307 248466 246626 243558 239877 235583 230061 224540 217178 209202 200000 188344 174847 155828 128221 87730 
142331 206748 252147 283436 305521 321472 333129 341718 347853 352147 354601 355828 356442 355828 353988 351534 347853 344172 338650 332515 325153 316564 306748 295092 280982 263804 241718 212883 171779 116564 
350920 547853 698773 800000 866871 910429 939264 957669 968712 974847 977301 976687 973006 967485 959509 947853 933742 917791 900000 879755 857669 831902 802454 767485 725767 673006 605521 515951 395706 255215 
329448 474847 565644 619018 653374 676687 694479 708589 720245 728834 736196 741104 744172 745399 744785 742945 738650 732515 724540 714110 701227 685276 666871 644785 617791 584049 539877 478528 387730 263804 
358896 539877 656442 722086 760736 785890 803681 818405 830061 839877 847853 853374 857669 859509 860123 857669 853988 846012 836196 823926 808589 791411 769939 743558 711043 668098 611043 532515 419632 276687 
287117 407975 480982 523313 549693 568098 582209 594479 604908 614110 622086 628221 633129 636196 638037 638650 637423 634356 629448 622699 613497 601840 587117 567485 541718 507362 462577 409202 331902 226380 
342945 524540 656442 739264 791411 824540 847853 864417 876687 885890 892025 896933 899387 899387 898160 894479 887117 877301 865031 850307 833129 811656 786503 754601 714110 660123 590184 506135 392025 254601 
245399 345399 408589 447239 473006 492025 506748 519018 529448 537423 544785 549693 553988 556442 557669 557669 556442 553374 548466 541718 533129 522699 509816 493865 474233 450307 420859 381595 315337 218405 
342945 525153 657055 739877 791411 825153 847853 864417 876687 885890 892638 897546 900000 900000 898773 895092 887730 877914 865644 850920 833742 812270 787117 755215 714724 660736 590798 506748 392638 254601 
288957 411656 487730 531902 560123 579755 595092 607975 618405 627607 634969 641104 645399 648466 649693 649693 647853 644172 638650 630675 621472 608589 592638 572393 546012 510429 465031 411043 333129 227607 
358896 539264 656442 722086 760123 785276 803681 817791 830061 839264 847239 853374 857669 859509 859509 857669 853374 846012 835583 823313 808589 790798 769325 743558 710429 668098 611043 532515 419632 276687 
329448 476687 570552 627607 665031 690798 709816 724540 736196 744785 751534 755828 757669 758282 757055 753374 748466 741718 732515 720859 706135 689571 669325 646012 617791 582209 536810 474847 384663 261350 
350307 547853 699387 801840 869325 913497 942945 961350 973006 979141 980982 980368 976687 970552 961963 949693 935583 919018 901227 880368 857669 831902 801840 766871 724540 671779 603681 514110 394479 253988 
142331 206748 252147 283436 305521 322086 333742 342331 348466 352761 355215 356442 357055 355828 354601 351534 348466 344172 338650 332515 325153 316564 306748 294479 280368 263190 241104 212270 171166 116564 
241718 385276 500000 580982 635583 672393 696319 712270 721472 726380 727607 726994 723926 719018 712270 704294 694479 683436 670552 656442 639264 619018 595706 568098 534969 493252 439877 370552 280368 176687 
344172 526380 652761 734356 787117 823313 848466 865644 877914 885276 889571 891411 890798 887730 882822 875460 865644 853374 838650 822086 802454 780982 755215 725767 689571 644785 586503 507362 396319 257055 
330061 477301 571166 628221 665031 691411 710429 725153 736810 745399 751534 755828 758282 758896 757055 753988 749080 741718 733129 720859 706748 689571 669939 646626 617791 582209 536810 474847 384663 261350 
369325 558282 685276 758282 801840 829448 849080 863804 876074 885276 893252 898160 901840 903067 902454 899387 892638 884049 872393 858896 842331 822699 798773 769325 730675 679141 610429 525767 409816 267485 
369325 559509 685276 757055 799387 826380 846012 861350 873620 883436 891411 896933 901227 903067 903067 901227 895706 887117 876074 863190 846626 826994 801840 768712 720859 639877 523313 435583 329448 201227 
291411 415951 493252 538650 566871 587117 602454 614724 625767 634356 642331 647853 652761 655828 657055 656442 654601 650920 645399 637423 627607 615337 598773 577914 551534 515337 469325 414724 336196 228834 
284663 403681 476074 517178 543558 561350 576074 588344 598773 607362 615337 621472 626380 630061 631902 631902 630675 627607 622699 615951 607362 595706 580982 561963 536810 503067 458282 405521 329448 225767 
369939 560123 685890 757669 800000 827607 847239 861963 874233 884049 892025 898160 902454 904294 904294 901840 896319 887730 877301 863804 847853 828221 803067 769939 721472 640491 523926 436196 329448 201227 
369939 559509 686503 758896 801840 828834 848466 863190 875460 884663 892638 898160 901840 903067 902454 900000 893252 884663 873620 859509 843558 823926 800613 771166 733129 681595 612883 528221 411656 268712 
329448 474847 565644 619018 652761 676687 694479 708589 719632 728834 735583 740491 743558 744785 744785 742331 738037 732515 724540 713497 700613 685276 666258 644172 617791 583436 539264 477914 387730 263804 
344172 526380 652761 733742 787117 823313 847853 865644 877301 884663 889571 890798 890184 887117 882209 875460 865644 852761 838037 821472 802454 780368 755215 725153 689571 644172 585890 507362 395706 257055 
241718 384663 500000 580982 636196 673006 696933 712883 722086 726994 728221 727607 724540 719632 712883 704294 695092 683436 670552 656442 638650 618405 595092 567485 534356 492638 439877 370552 279755 176074 
241718 385276 500000 581595 636196 673006 697546 712883 722086 726994 728834 727607 724540 719632 712883 704908 695092 684049 671166 656442 639264 619018 595706 568098 534356 493252 439877 370552 280368 176687 
350920 547853 700000 802454 869939 914110 943558 961963 973620 979755 981595 980982 977301 971166 962577 950307 936196 919632 901227 880982 858282 831902 802454 767485 724540 671779 603681 514110 394479 254601 
302454 431902 514110 564417 597546 621472 639877 653374 664417 673006 679141 684049 686503 687117 686503 684049 679755 673620 665644 656442 644172 629448 611656 590184 564417 532515 490798 434969 353374 242331 
347239 514724 624540 690184 731288 759509 779755 795092 806748 815951 822699 827607 830675 831288 830675 827607 822699 814724 804294 790798 775460 757055 734356 706748 671779 624540 563804 490184 387117 254601 
369939 559509 686503 759509 801840 829448 849080 863804 875460 885276 892638 898160 901840 903681 903067 900000 893865 884663 873620 860123 844172 824540 800613 771779 733742 681595 612883 528221 411656 268712 
359509 539877 657055 722699 761350 786503 804908 819018 830675 840491 848466 854601 858282 860736 860736 858896 854601 846626 836810 824540 809202 792025 770552 744172 711043 668712 611656 533129 419632 276687 
369325 558896 685890 758896 801840 830061 849693 864417 876687 885890 893252 898773 901840 903067 902454 899387 893252 884049 872393 858896 842331 822699 798773 769325 730675 679141 610429 525767 409816 267485 
347853 515337 625153 690798 731902 760123 780368 795706 807362 816564 823313 828221 831288 831902 830675 827607 822699 814724 804294 791411 775460 757055 734969 706748 671779 624540 563804 490184 387117 254601 
305521 438037 520859 571166 603681 626994 644785 658896 669325 677914 684663 689571 692025 693252 692638 690184 686503 680368 673006 663190 651534 636810 619632 598160 572393 540491 498773 441718 358896 245399 
350307 547239 698160 800000 866258 909816 938650 957055 968098 974233 976687 976074 972393 966871 958896 947239 933129 917178 899387 879141 857055 831288 801840 767485 725153 673006 605521 515951 395706 255215 
241718 384663 500000 580982 635583 672393 696319 711656 720859 725767 727607 726380 723313 718405 712270 704294 694479 683436 670552 655828 638650 618405 595706 568098 534969 493252 439877 370552 280368 176687 
142331 206748 252147 283436 306135 322086 334356 342945 349080 352761 355828 357055 357055 356442 354601 352147 348466 344172 339264 332515 325153 316564 306748 295092 280368 263190 241718 212883 171166 116564 
337423 529448 677914 778528 844785 888957 917178 934969 946012 951534 953374 951534 947239 941104 932515 920859 906135 889571 871779 850920 828221 802454 773006 738650 697546 646012 580368 493252 377914 242331 
352147 534969 659509 737423 788344 822699 846626 863804 875460 884049 888957 890798 890798 888957 884663 877914 868712 856442 842331 825767 807362 785890 760736 731288 695092 650307 592638 514110 403067 262577 
303067 432515 514110 563190 595706 619018 636196 650307 661350 669939 676074 680982 684049 685276 684663 682209 678528 673006 665031 655828 644785 630061 612883 592025 566871 534969 493865 438037 356442 244172 
329448 474847 565644 619018 652761 676687 694479 708589 720245 728834 736196 741104 744172 745399 744785 742945 738650 732515 724540 714110 701227 685276 666871 644785 617791 584049 539877 478528 388344 263804 
330061 477301 571779 628834 665644 691411 711043 725767 736810 745399 752147 756442 758282 758896 757669 753988 749080 742331 733129 720859 706748 690184 669939 646626 617791 582209 536810 474847 384663 261350 
304908 436810 520859 572393 606135 630061 648466 662577 673006 681595 687730 692638 695092 695706 694479 692025 687730 681595 673620 663804 651534 636196 618405 596933 570552 537423 495706 438650 356442 243558 
352761 536196 661350 739264 790184 825153 849080 865644 877914 885890 890184 892638 892638 890184 885890 879141 869939 857669 842945 826994 807975 786503 761350 731902 695706 650920 592638 514110 403067 262577 
338037 530061 678528 778528 844785 887730 915951 934356 944785 950307 952147 950307 946626 939877 931288 920245 905521 889571 871166 850920 828221 803067 773620 739264 698160 646626 580982 494479 378528 242945 
142331 206748 252147 282822 305521 321472 333129 341718 347853 352147 354601 355828 356442 355215 353988 351534 347853 343558 338650 332515 325153 316564 306748 295092 280982 263804 241718 212883 171779 116564 
105521 150307 180982 201227 215951 226994 235583 241718 246012 249080 250920 252147 252147 251534 250920 249080 246626 243558 239877 235583 230675 224540 217791 209816 200000 188957 174847 155828 128221 87730 
277914 440491 567485 655828 714724 753988 779755 795706 805521 809816 811656 809816 806135 800613 793252 783436 772393 760123 744172 726380 706748 684049 658896 628834 592638 547853 490184 415337 315951 200613 
337423 529448 677301 777301 843558 887117 915337 933129 944172 949693 951534 949693 946012 939877 931288 920245 905521 889571 871166 850920 828221 803067 773620 739264 698160 647239 580982 494479 378528 242945 
350920 547239 698773 800000 866871 910429 939264 957669 968712 975460 977301 976687 973620 968098 960123 948466 934356 918405 900613 880368 857669 832515 803067 768098 726380 673620 606135 516564 396319 255215 
344785 527607 654601 735583 788957 825153 850307 867485 879755 887117 891411 893252 892638 889571 884663 877301 867485 854601 839877 823313 804294 782209 757055 726994 690798 646012 587117 507975 396319 257669 
351534 549080 701227 803681 871166 915951 944785 963190 974847 980982 982822 981595 977914 971779 963804 951534 936810 920245 902454 881595 858896 832515 803067 767485 725153 672393 604294 514110 394479 254601 
338037 530675 679141 779755 846626 890184 919018 936810 947853 952761 954601 952761 948466 942331 933742 922086 907362 890798 872393 851534 828834 803067 773620 739264 697546 646012 580368 493252 377914 242331 
278528 441104 568712 657055 716564 755215 780982 796933 806748 811656 812883 811043 807362 801227 793865 784663 773620 760736 744785 726994 707362 684663 658896 628834 592638 547853 490798 415337 315951 200613 
105521 150920 180982 201840 216564 227607 235583 241718 246012 249080 250920 252147 252761 252147 250920 249080 246626 244172 240491 236196 230675 225153 217791 209816 200613 188957 174847 156442 128221 88344 
105521 150920 180982 201227 216564 226994 235583 241718 246012 249080 250920 252147 252147 252147 250920 249080 246626 244172 240491 236196 230675 225153 217791 209816 200613 188957 174847 156442 128221 88344 
142331 206748 252147 283436 305521 322086 333742 342331 348466 352147 355215 356442 356442 355828 354601 352147 348466 344172 339264 333129 325767 317178 307362 295706 281595 264417 242331 213497 171779 117178 
241718 385276 500613 581595 636810 673620 697546 712883 722086 726994 728834 727607 724540 719632 713497 705521 695706 684663 671779 657055 639877 619632 596319 568712 535583 493865 440491 371166 280982 176687 
241718 385890 501227 582209 637423 674233 698773 714110 723313 728221 730061 728834 725767 720859 714110 706135 696319 684663 671779 657055 639877 619632 596319 568712 534969 493252 440491 370552 280368 176687 
142331 206748 252761 284049 306135 322699 334356 342945 349080 353374 355828 357055 357669 356442 355215 352147 349080 344785 339264 333129 325767 317178 306748 295092 280982 263190 241718 212883 171166 116564 
106135 150920 180982 201840 216564 227607 236196 242331 246626 249693 251534 252761 252761 252147 251534 249693 247239 244172 240491 236196 230675 225153 217791 209816 200613 188957 174847 156442 128221 88344 